Pheucticus_aureoventris.asc
ncols         403
nrows         159
xllcorner     -92.0
yllcorner     -4.958333333333
cellsize      0.041666666667
NODATA_value  -9999
[rows 93 to 123 of 159, columns 276 to 344 of 403]
2.18403E-5 2.39703E-5 2.76678E-5 3.14077E-5 2.68221E-5 2.91454E-5 3.84142E-5 5.19624E-5 9.01775E-5 9.87592E-5 1.00264E-4 1.3624E-4 1.63765E-4 2.30364E-4 3.00958E-4 1.82437E-4 2.0618E-4 2.45531E-4 2.95146E-4 3.72562E-4 4.6932E-4 4.28387E-4 5.28248E-4 6.26578E-4 8.10588E-4 1.14201E-3 1.52037E-3 2.13066E-3 3.15256E-3 4.71157E-3 7.19399E-3 1.14666E-2 1.73038E-2 1.43381E-2 6.72907E-3 2.2379E-2 4.79986E-2 4.20923E-2 4.70744E-2 6.94786E-2 2.67571E-1 5.46559E-1 5.923E-1 2.20241E-1 1.83234E-1 1.58021E-1 1.22779E-1 1.06079E-1 1.28747E-1 1.0448E-1 8.96123E-2 1.1725E-1 9.49273E-2 1.00621E-1 9.79013E-2 8.91026E-2 2.50397E-2 2.3135E-2 2.24624E-2 2.51595E-2 3.49997E-2 1.00086E-1 1.29767E-1 1.07508E-1 1.28678E-1 3.32239E-2 4.07057E-3 4.41127E-3 4.96435E-3
1.83909E-5 2.01146E-5 2.32753E-5 2.64923E-5 2.48439E-5 2.60753E-5 2.51866E-5 2.94741E-5 3.47327E-5 5.46733E-5 8.68651E-5 1.25306E-4 1.32088E-4 1.55955E-4 3.4284E-4 2.19122E-4 1.77396E-4 2.16168E-4 1.96197E-4 2.69565E-4 3.19183E-4 3.85522E-4 4.45899E-4 5.74305E-4 8.30313E-4 1.12649E-3 1.45609E-3 2.07902E-3 2.84411E-3 3.93839E-3 5.18429E-3 8.04497E-3 7.39501E-3 8.24956E-3 8.97138E-3 2.12359E-2 3.32411E-2 2.95192E-2 9.74996E-2 2.93179E-1 3.65129E-1 4.83437E-1 3.79462E-1 3.12366E-1 1.71107E-1 1.36478E-1 1.2437E-1 1.06169E-1 1.41056E-1 1.65717E-1 1.43253E-1 1.25629E-1 9.50584E-2 8.60916E-2 8.72519E-2 8.18658E-2 2.35523E-2 1.50295E-2 1.90518E-2 4.74745E-2 6.86182E-2 9.12946E-2 1.37464E-1 1.4643E-1 8.825E-2 2.5602E-2 3.23675E-3 3.3112E-3 4.83225E-3
1.52674E-5 1.89342E-5 2.59145E-5 3.26321E-5 2.36382E-5 2.18048E-5 2.24011E-5 2.61772E-5 2.81793E-5 4.37201E-5 5.47546E-5 7.41009E-5 1.09531E-4 -9999 1.59981E-4 1.86238E-4 1.54707E-4 1.42354E-4 1.82294E-4 2.37597E-4 2.31005E-4 3.11632E-4 4.28967E-4 6.54794E-4 1.02301E-3 1.37636E-3 1.70052E-3 2.12187E-3 2.7054E-3 3.45235E-3 4.97593E-3 8.32972E-3 7.32153E-3 6.79988E-3 6.04352E-3 8.52654E-3 3.4699E-2 3.82946E-2 1.09372E-1 3.61943E-1 2.35396E-1 1.50824E-1 1.78029E-1 1.6789E-1 1.63444E-1 1.30929E-1 1.3547E-1 1.26812E-1 1.17687E-1 1.40175E-1 8.50992E-2 9.2584E-2 9.33443E-2 9.01609E-2 8.76222E-2 5.52785E-2 2.20585E-2 1.1287E-2 2.46292E-2 7.89174E-2 7.11052E-2 8.88554E-2 1.32565E-1 1.45115E-1 1.15355E-1 3.02125E-2 3.01029E-3 2.12611E-3 3.36719E-3
1.38098E-5 2.02109E-5 3.20433E-5 3.97803E-5 2.51124E-5 2.09234E-5 1.95888E-5 2.0369E-5 2.27996E-5 3.66556E-5 4.12555E-5 -9999 -9999 7.91878E-5 8.86727E-5 1.78614E-4 1.31304E-4 1.17479E-4 1.60292E-4 2.02447E-4 2.21265E-4 2.85819E-4 4.29875E-4 6.68368E-4 1.18042E-3 1.55221E-3 1.86802E-3 2.10283E-3 2.40286E-3 3.85429E-3 6.19971E-3 6.67828E-3 6.63297E-3 9.36326E-3 1.52429E-2 1.95229E-2 4.26047E-2 9.4604E-2 3.66785E-1 3.23204E-1 1.18918E-1 1.59503E-1 1.64993E-1 1.81132E-1 1.61949E-1 1.40415E-1 1.69688E-1 1.52124E-1 1.34213E-1 1.12112E-1 1.09961E-1 1.17579E-1 8.66694E-2 8.7458E-2 7.97405E-2 3.05843E-2 7.23684E-3 9.45336E-3 2.28271E-2 7.81002E-2 5.7588E-2 4.64217E-2 9.62294E-2 1.37662E-1 1.10617E-1 1.51464E-2 1.61811E-3 1.64464E-3 1.55801E-3
1.28675E-5 2.87433E-5 4.84635E-5 3.491E-5 2.67646E-5 2.07525E-5 1.91841E-5 1.47137E-5 1.72684E-5 2.67121E-5 4.40554E-5 -9999 5.63886E-5 6.55908E-5 7.66188E-5 -9999 1.19076E-4 1.09343E-4 1.48328E-4 2.66719E-4 3.05583E-4 2.8932E-4 3.63748E-4 5.94758E-4 9.20158E-4 1.27219E-3 1.59044E-3 1.83367E-3 2.02847E-3 4.42291E-3 3.74516E-3 7.04367E-3 1.16123E-2 1.62766E-2 4.40299E-2 3.71793E-2 1.18553E-1 3.16278E-1 1.25522E-1 1.22342E-1 1.63636E-1 1.39261E-1 1.59564E-1 1.44593E-1 2.05403E-1 1.50562E-1 1.79658E-1 1.50525E-1 1.55007E-1 1.75977E-1 1.81552E-1 1.23584E-1 8.4019E-2 9.13162E-2 4.59753E-2 1.55014E-2 5.30384E-3 8.25172E-3 4.2131E-2 8.6105E-2 6.25524E-2 1.32928E-2 6.00113E-2 1.22858E-1 8.12248E-2 2.2806E-2 1.03494E-3 1.1356E-3 1.2859E-3
2.12438E-5 2.57382E-5 3.11693E-5 3.77367E-5 2.29907E-5 2.05797E-5 1.65062E-5 1.9166E-5 2.65604E-5 3.50962E-5 6.87265E-5 -9999 4.92527E-5 5.73097E-5 6.65877E-5 -9999 7.49277E-5 9.70828E-5 1.16798E-4 1.27929E-4 1.8672E-4 2.73435E-4 4.6669E-4 5.2304E-4 7.91115E-4 1.13164E-3 1.39648E-3 1.66061E-3 2.04135E-3 3.68093E-3 3.96249E-3 6.75639E-3 7.88193E-3 2.00109E-2 5.29241E-2 1.36522E-1 3.91827E-1 1.7849E-1 2.0898E-1 1.85134E-1 1.52307E-1 1.54491E-1 1.57404E-1 1.71377E-1 2.23364E-1 1.44385E-1 1.22544E-1 1.32038E-1 1.3856E-1 1.42407E-1 1.86831E-1 1.55608E-1 8.93923E-2 7.53225E-2 3.13869E-2 8.74846E-3 5.12817E-3 9.72319E-3 5.45489E-2 7.94845E-2 5.15038E-2 7.54921E-3 1.83699E-2 7.48137E-2 4.112E-2 1.46906E-2 8.17124E-4 8.27551E-4 8.64182E-4
2.1851E-5 2.51415E-5 2.01879E-5 2.46426E-5 2.23665E-5 1.60194E-5 1.84698E-5 1.81183E-5 2.21448E-5 4.80179E-5 -9999 5.45267E-5 -9999 -9999 1.06729E-4 6.80564E-5 8.28508E-5 7.76328E-5 9.74611E-5 1.07333E-4 1.40987E-4 1.73573E-4 2.72088E-4 4.04168E-4 6.70432E-4 1.04411E-3 1.31496E-3 1.5245E-3 1.92248E-3 2.59124E-3 3.07918E-3 5.01808E-3 7.44789E-3 2.14435E-2 5.09539E-2 5.39485E-2 2.13561E-1 4.22502E-1 2.51214E-1 2.62524E-1 1.98856E-1 2.32426E-1 2.02956E-1 1.62803E-1 1.39051E-1 1.61058E-1 1.19842E-1 1.26409E-1 1.62139E-1 1.78196E-1 1.10413E-1 8.91565E-2 7.11187E-2 4.04866E-2 1.85196E-2 7.04292E-3 4.25749E-3 9.01727E-3 3.6682E-2 6.99469E-2 4.11256E-2 2.33506E-2 5.2678E-3 4.1882E-2 2.96991E-2 4.90902E-3 6.28666E-4 6.70566E-4 7.02238E-4
1.46424E-5 1.81356E-5 1.71379E-5 1.91509E-5 2.02794E-5 1.88654E-5 1.73587E-5 1.92207E-5 3.58467E-5 -9999 -9999 -9999 -9999 7.13482E-5 8.36941E-5 9.31409E-5 1.10424E-4 -9999 -9999 8.23327E-5 9.19382E-5 1.24044E-4 1.95985E-4 2.97702E-4 4.88733E-4 8.03479E-4 1.04961E-3 1.22622E-3 1.89717E-3 2.40242E-3 4.86436E-3 6.24498E-3 2.13117E-2 3.71865E-2 4.83471E-2 7.76084E-2 2.00695E-1 3.02203E-1 5.4133E-1 4.44655E-1 3.64822E-1 2.07743E-1 2.22119E-1 2.24561E-1 1.62717E-1 1.40575E-1 1.10489E-1 1.32374E-1 1.07517E-1 1.60148E-1 1.00694E-1 8.24423E-2 5.74539E-2 3.02203E-2 1.50701E-2 9.65774E-3 4.1151E-3 2.05272E-2 3.25887E-2 6.90603E-2 5.62462E-2 2.76776E-2 2.82322E-3 7.4889E-3 9.27504E-3 1.39137E-3 4.90642E-4 5.36535E-4 6.35011E-4
1.85926E-5 2.54563E-5 2.06622E-5 2.14138E-5 1.98277E-5 2.46484E-5 2.19838E-5 2.57747E-5 3.37437E-5 -9999 -9999 5.53338E-5 5.60935E-5 7.10893E-5 -9999 1.11398E-4 -9999 8.24237E-5 5.3305E-5 6.38198E-5 6.91712E-5 9.36159E-5 1.29003E-4 1.973E-4 3.47373E-4 5.9307E-4 8.81746E-4 1.39108E-3 2.59243E-3 6.4551E-3 7.35441E-3 3.04288E-2 5.05721E-2 2.5248E-1 2.71342E-1 2.94181E-1 3.8356E-1 4.71102E-1 4.93813E-1 4.9516E-1 3.57053E-1 2.66462E-1 2.01531E-1 2.52309E-1 1.7135E-1 1.67042E-1 1.22374E-1 1.29169E-1 9.42158E-2 1.04746E-1 1.75755E-1 8.92687E-2 8.16622E-2 5.69953E-2 1.46568E-2 4.23782E-3 4.15448E-3 2.1347E-2 4.18379E-2 5.55452E-2 2.87469E-2 1.04338E-2 3.49079E-3 5.27505E-3 2.32618E-3 8.03269E-4 4.40399E-4 4.36725E-4 5.24063E-4
-9999 2.04936E-5 2.252E-5 3.1351E-5 2.86162E-5 2.61753E-5 3.38832E-5 -9999 -9999 -9999 -9999 -9999 -9999 -9999 -9999 7.61716E-5 -9999 6.3837E-5 7.12235E-5 5.31481E-5 5.37716E-5 7.02584E-5 8.32551E-5 1.5088E-4 3.0884E-4 6.25828E-4 1.45076E-3 2.77348E-3 4.36544E-3 1.49552E-2 2.03966E-2 1.14961E-1 1.259E-1 2.38254E-1 2.08823E-1 2.36611E-1 2.36174E-1 2.5766E-1 2.45048E-1 2.70883E-1 2.72215E-1 2.86271E-1 2.47842E-1 2.53772E-1 2.20326E-1 1.57925E-1 1.35035E-1 1.11393E-1 1.05685E-1 5.64914E-2 8.69599E-2 5.25958E-2 5.75085E-2 1.81162E-2 6.50482E-3 3.23765E-3 6.52148E-3 2.79219E-2 4.78051E-2 5.50406E-2 3.03056E-2 9.49495E-3 3.24821E-3 7.10177E-3 1.70744E-3 4.35439E-4 3.96047E-4 4.40176E-4 4.36395E-4
-9999 -9999 -9999 3.71311E-5 3.64549E-5 3.03707E-5 -9999 2.57061E-5 -9999 -9999 -9999 -9999 5.98258E-5 6.72798E-5 -9999 6.43691E-5 -9999 -9999 4.37824E-5 4.51426E-5 4.63901E-5 5.11001E-5 8.01374E-5 2.52818E-4 9.83052E-4 1.77195E-3 3.09403E-3 6.48791E-3 1.74689E-2 2.58593E-2 1.15179E-1 1.78016E-1 1.75498E-1 1.75023E-1 1.91083E-1 1.85331E-1 1.51972E-1 2.00478E-1 2.00699E-1 1.6398E-1 2.13705E-1 1.8859E-1 2.10993E-1 2.45339E-1 2.04578E-1 1.50681E-1 1.43186E-1 1.10715E-1 1.20079E-1 6.64806E-2 1.30211E-2 9.70365E-3 2.50153E-2 5.77665E-3 4.2947E-3 3.45745E-3 9.2602E-3 3.88864E-2 5.83866E-2 5.00741E-2 1.77209E-2 8.79213E-3 8.53758E-3 1.81513E-2 8.3523E-4 4.17805E-4 3.46122E-4 3.18578E-4 3.96473E-4
-9999 -9999 -9999 -9999 2.853E-5 3.64284E-5 -9999 -9999 -9999 -9999 4.65005E-5 5.39719E-5 -9999 -9999 -9999 -9999 -9999 4.30772E-5 3.59919E-5 3.37688E-5 3.55473E-5 4.93262E-5 1.34748E-4 6.62261E-4 4.57943E-3 3.93642E-2 1.07071E-2 2.87342E-2 4.79327E-2 1.01815E-1 1.51817E-1 1.89953E-1 1.7916E-1 1.66282E-1 1.76998E-1 1.26892E-1 1.41837E-1 2.98551E-1 3.03684E-1 2.16127E-1 2.45579E-1 2.12612E-1 2.09613E-1 2.64623E-1 2.65867E-1 1.93596E-1 1.33917E-1 1.56843E-1 1.39562E-1 1.11004E-1 2.20997E-2 4.56256E-3 6.24911E-3 4.91864E-3 3.15253E-3 4.90475E-3 1.72342E-2 1.98786E-2 4.98379E-2 3.29188E-2 1.40054E-2 2.83173E-3 2.43472E-3 1.58879E-2 7.04307E-4 3.80316E-4 4.14911E-4 3.05431E-4 4.50644E-4
-9999 -9999 -9999 -9999 -9999 4.0903E-5 -9999 3.93411E-5 3.19706E-5 3.89735E-5 4.34348E-5 4.49328E-5 4.83061E-5 5.13008E-5 -9999 -9999 -9999 2.77474E-5 2.58887E-5 2.89248E-5 5.05505E-5 1.63251E-4 3.34898E-4 1.12864E-3 1.65706E-2 5.20575E-2 3.73423E-2 3.06808E-2 1.0904E-1 1.13828E-1 1.9094E-1 1.82654E-1 1.76017E-1 1.66587E-1 1.64865E-1 1.31827E-1 1.39012E-1 2.78603E-1 3.29067E-1 4.11123E-1 2.76591E-1 1.91682E-1 2.62927E-1 2.90701E-1 2.25281E-1 1.99909E-1 1.87425E-1 1.36388E-1 1.31215E-1 8.36306E-2 6.55381E-3 3.6455E-3 2.789E-3 2.89722E-3 4.31207E-3 9.00306E-3 3.95953E-2 3.60002E-2 4.33926E-2 2.06391E-2 1.76753E-2 5.07536E-3 1.89847E-3 1.22833E-2 5.36717E-4 3.23896E-4 3.76232E-4 3.47326E-4 3.838E-4
-9999 -9999 -9999 -9999 -9999 -9999 -9999 3.53835E-5 3.6423E-5 3.84796E-5 4.24066E-5 4.17443E-5 4.70121E-5 4.2137E-5 -9999 -9999 -9999 1.9829E-5 2.48032E-5 4.176E-5 1.66198E-4 3.51395E-4 1.24137E-3 6.39835E-3 4.98256E-2 6.84312E-2 5.65136E-2 7.10679E-2 1.26607E-1 1.47316E-1 1.65862E-1 1.73166E-1 1.67817E-1 1.62359E-1 1.70798E-1 1.48237E-1 2.80494E-1 3.35877E-1 3.81471E-1 4.42958E-1 4.07949E-1 2.61922E-1 2.64655E-1 2.44733E-1 2.14716E-1 1.88696E-1 1.60001E-1 1.18125E-1 9.15164E-2 5.43603E-2 5.15455E-2 7.31605E-3 3.21646E-3 2.66096E-3 8.34621E-3 1.24759E-2 4.2605E-2 7.78054E-2 3.52241E-2 1.04593E-2 6.29877E-3 6.46411E-3 4.86675E-3 1.1053E-2 5.93668E-4 3.87838E-4 3.52726E-4 3.25935E-4 3.19192E-4
-9999 -9999 -9999 -9999 -9999 -9999 4.1545E-5 3.61656E-5 3.4879E-5 3.4065E-5 3.44196E-5 3.16504E-5 -9999 -9999 -9999 -9999 1.37115E-5 1.8518E-5 2.65113E-5 3.67221E-5 6.20363E-5 3.65573E-4 9.8088E-4 8.21204E-3 8.59587E-2 4.17361E-2 1.31612E-1 1.45468E-1 1.5765E-1 1.73704E-1 1.81202E-1 1.67533E-1 1.11717E-1 1.58927E-1 1.72529E-1 2.25927E-1 2.80339E-1 3.43019E-1 4.25914E-1 4.10036E-1 5.29886E-1 2.52775E-1 2.84686E-1 2.15949E-1 2.61504E-1 1.96048E-1 1.38418E-1 1.58977E-1 1.27842E-1 9.06283E-2 5.1369E-2 5.56222E-3 3.3418E-3 4.12948E-3 8.90053E-3 2.24524E-2 5.32506E-2 6.17629E-2 2.07147E-2 7.38914E-3 1.65541E-3 6.26516E-4 6.80729E-4 4.96817E-3 7.17387E-4 3.56073E-4 3.28803E-4 2.74257E-4 2.64892E-4
-9999 -9999 -9999 -9999 -9999 -9999 4.95794E-5 4.15713E-5 3.19785E-5 2.61978E-5 2.37334E-5 -9999 -9999 -9999 -9999 -9999 1.33938E-5 1.84605E-5 2.58793E-5 3.30648E-5 4.52429E-5 6.96689E-5 2.52902E-4 1.02876E-3 1.08521E-2 5.85838E-2 8.52022E-2 1.26577E-1 1.59746E-1 1.60989E-1 1.64531E-1 1.59123E-1 1.16488E-1 1.69017E-1 2.25534E-1 2.95796E-1 3.66561E-1 4.26467E-1 4.82356E-1 4.42191E-1 4.02765E-1 2.71548E-1 2.72195E-1 1.80829E-1 2.26796E-1 1.7121E-1 1.57864E-1 1.85565E-1 1.19356E-1 7.8105E-2 8.69059E-3 4.06653E-3 8.62985E-3 7.01169E-3 5.37853E-3 3.21513E-2 4.40074E-2 3.56719E-2 1.33171E-2 3.10197E-3 7.97828E-4 4.25266E-4 3.72516E-4 6.2909E-4 1.02307E-3 3.21523E-4 2.78247E-4 2.55474E-4 2.59747E-4
-9999 -9999 -9999 -9999 -9999 -9999 6.3841E-5 5.3442E-5 4.08438E-5 -9999 3.91609E-5 -9999 -9999 -9999 -9999 -9999 1.43025E-5 1.93459E-5 2.59592E-5 3.24203E-5 4.77476E-5 7.56179E-5 2.23384E-4 1.05979E-3 3.49051E-3 5.50608E-2 3.49431E-2 1.6822E-1 1.74455E-1 1.78347E-1 1.81035E-1 1.7209E-1 1.70013E-1 1.79487E-1 2.43028E-1 3.24096E-1 3.49946E-1 4.84975E-1 4.57177E-1 4.37912E-1 4.86693E-1 2.66855E-1 2.7085E-1 2.15879E-1 1.63737E-1 2.07373E-1 1.44958E-1 1.56034E-1 1.04692E-1 5.38153E-2 7.79051E-3 9.8521E-3 1.51943E-2 6.99299E-3 4.56181E-3 1.38553E-2 2.29127E-2 1.70144E-2 8.4448E-3 1.48224E-3 1.4859E-3 1.02887E-3 3.16596E-4 3.606E-4 3.47783E-3 3.31676E-4 2.5333E-4 2.45129E-4 2.44091E-4
-9999 -9999 -9999 -9999 -9999 -9999 8.26883E-5 6.95818E-5 5.45558E-5 -9999 -9999 -9999 -9999 -9999 -9999 -9999 1.65664E-5 2.0254E-5 2.56464E-5 3.21018E-5 4.24986E-5 1.06211E-4 5.57995E-4 8.53154E-3 3.29479E-2 3.98021E-2 4.81569E-2 8.78759E-2 1.81809E-1 1.88295E-1 1.80748E-1 1.79175E-1 1.74834E-1 2.17043E-1 2.5334E-1 4.0141E-1 4.79134E-1 4.63075E-1 4.51941E-1 3.64362E-1 4.46735E-1 3.85212E-1 2.8309E-1 2.02536E-1 1.89753E-1 1.51419E-1 1.67835E-1 1.40735E-1 9.55597E-2 2.12948E-2 9.5846E-3 1.61462E-2 8.97417E-3 4.58061E-3 5.33636E-3 5.85307E-3 2.5059E-2 1.20806E-2 2.91792E-3 3.44163E-3 7.80524E-3 6.40515E-4 3.53575E-4 5.26718E-4 1.63575E-3 3.03186E-4 2.38417E-4 2.31234E-4 -9999
-9999 -9999 -9999 -9999 -9999 -9999 9.64344E-5 6.9976E-5 7.55418E-5 9.28855E-5 -9999 -9999 -9999 -9999 -9999 -9999 1.61022E-5 2.03259E-5 2.71982E-5 3.56003E-5 5.70057E-5 1.91618E-4 1.15181E-3 9.63584E-3 3.15271E-2 8.62889E-2 9.74346E-2 1.6827E-1 1.82805E-1 2.02516E-1 1.91351E-1 1.79589E-1 1.86113E-1 2.15021E-1 2.77331E-1 3.30112E-1 3.57829E-1 4.36159E-1 3.71179E-1 4.03634E-1 5.58781E-1 4.64289E-1 2.32677E-1 2.052E-1 1.31407E-1 1.22676E-1 1.8449E-1 1.18928E-1 5.77905E-2 1.17195E-2 1.39246E-2 2.51938E-2 2.53991E-2 1.32411E-2 1.92548E-3 7.99815E-3 1.62417E-2 1.1448E-2 2.09592E-3 5.37025E-3 3.4728E-3 4.16708E-4 3.31596E-4 3.4619E-4 5.13831E-4 -9999 -9999 -9999 -9999
-9999 -9999 -9999 -9999 -9999 -9999 9.95189E-5 1.29629E-4 7.26753E-5 -9999 -9999 -9999 -9999 -9999 -9999 -9999 2.06713E-5 2.14693E-5 2.99707E-5 1.15194E-4 3.66354E-4 5.33546E-4 1.10298E-3 7.9809E-3 4.83063E-2 9.36013E-2 1.73948E-1 1.71511E-1 1.83666E-1 1.97093E-1 1.92039E-1 1.79254E-1 1.5349E-1 2.14113E-1 2.88992E-1 4.15503E-1 2.89431E-1 4.42482E-1 3.53628E-1 5.9527E-1 5.93953E-1 5.42986E-1 2.51327E-1 1.91752E-1 1.25497E-1 2.62852E-1 1.94877E-1 9.28914E-2 2.24424E-2 5.91516E-3 8.44565E-3 8.93862E-3 8.47537E-3 3.63878E-3 1.42603E-3 2.45953E-3 3.91741E-3 1.93627E-3 4.53026E-4 5.77637E-4 3.40409E-4 3.63644E-4 3.16237E-4 -9999 -9999 -9999 -9999 -9999 -9999
-9999 -9999 -9999 -9999 -9999 -9999 -9999 -9999 -9999 -9999 -9999 -9999 -9999 -9999 -9999 2.42838E-5 2.34801E-5 2.36177E-5 5.40291E-5 3.1281E-4 2.23216E-3 1.70112E-2 9.61E-3 4.07451E-2 4.08286E-2 6.92124E-2 1.70124E-1 1.66523E-1 1.71604E-1 1.65345E-1 1.95803E-1 1.97942E-1 2.42072E-1 2.25968E-1 4.27434E-1 4.12087E-1 3.07853E-1 3.4009E-1 4.94416E-1 6.77492E-1 6.46855E-1 4.53685E-1 2.08328E-1 1.8592E-1 1.09827E-1 2.38411E-1 1.2326E-1 1.63017E-2 6.12283E-3 3.41588E-3 3.74534E-3 3.67329E-3 6.12776E-3 2.58492E-3 2.50036E-3 3.18383E-3 2.38346E-3 7.89055E-4 4.76423E-4 3.63221E-4 3.08544E-4 3.60149E-4 -9999 -9999 -9999 -9999 -9999 -9999 -9999
-9999 -9999 -9999 -9999 -9999 -9999 -9999 -9999 -9999 -9999 -9999 -9999 -9999 -9999 2.90344E-5 2.53512E-5 2.27436E-5 2.43943E-5 3.37282E-5 2.58467E-4 2.11339E-3 4.08869E-2 3.50802E-2 6.39362E-2 4.92076E-2 1.53692E-1 1.6192E-1 1.64298E-1 1.63526E-1 1.91628E-1 1.98751E-1 1.93333E-1 2.65105E-1 2.68025E-1 2.66247E-1 3.41039E-1 2.68126E-1 4.29625E-1 6.37848E-1 4.6376E-1 4.55562E-1 4.08616E-1 1.9044E-1 1.6628E-1 1.5289E-1 2.36144E-1 6.47627E-2 7.98513E-3 1.43051E-2 8.39699E-3 3.39461E-3 1.44787E-2 2.257E-2 5.9075E-3 2.87366E-3 9.4013E-3 1.04465E-2 2.40016E-3 6.23851E-4 3.53049E-4 2.41151E-3 -9999 -9999 -9999 -9999 -9999 -9999 -9999 -9999
-9999 -9999 -9999 -9999 -9999 -9999 -9999 -9999 -9999 -9999 -9999 -9999 -9999 -9999 2.73368E-5 2.79046E-5 2.28399E-5 2.60631E-5 9.36999E-5 3.69993E-4 7.10098E-3 2.89287E-2 9.88551E-2 1.15223E-1 1.5666E-1 1.57934E-1 9.02513E-2 1.59238E-1 1.65921E-1 1.46963E-1 1.68675E-1 2.03602E-1 1.06788E-1 2.4664E-1 2.32289E-1 2.86186E-1 3.01552E-1 5.3622E-1 6.02286E-1 3.51642E-1 4.57022E-1 4.25625E-1 1.8604E-1 1.38933E-1 1.68992E-1 2.23478E-1 4.29004E-2 2.26775E-2 1.13969E-2 5.24712E-3 4.40203E-3 1.70612E-2 4.59643E-2 7.1529E-3 3.77132E-3 4.84693E-3 1.01631E-2 1.20068E-2 3.58542E-3 1.38007E-3 -9999 -9999 -9999 -9999 -9999 -9999 -9999 -9999 -9999
-9999 -9999 -9999 -9999 -9999 -9999 -9999 -9999 -9999 -9999 -9999 -9999 -9999 3.65178E-5 3.26196E-5 2.62127E-5 2.37522E-5 2.56333E-5 1.89367E-4 1.06237E-2 2.84109E-2 2.92371E-2 3.39178E-2 7.97164E-2 1.37096E-1 1.24564E-1 6.90473E-2 1.39381E-1 1.60881E-1 1.66041E-1 7.55185E-2 1.01611E-1 1.19227E-1 2.03718E-1 2.74886E-1 2.57698E-1 3.81156E-1 4.66605E-1 4.16686E-1 3.60919E-1 2.29807E-1 2.56604E-1 2.22938E-1 2.35337E-1 2.99023E-1 1.95441E-1 3.87008E-2 2.77176E-2 9.47814E-3 3.53229E-3 1.26947E-2 4.70753E-2 4.00591E-2 7.88542E-3 3.89618E-3 4.72343E-3 1.10686E-2 2.74999E-2 1.27676E-2 -9999 -9999 -9999 -9999 -9999 -9999 -9999 -9999 -9999 -9999
-9999 -9999 -9999 -9999 -9999 -9999 -9999 -9999 -9999 -9999 -9999 -9999 3.9083E-5 3.72948E-5 3.22181E-5 2.7528E-5 2.30442E-5 2.99393E-5 2.68818E-4 1.79942E-3 6.965E-3 3.37083E-2 2.12319E-2 4.93697E-2 1.22466E-1 6.63532E-2 1.21225E-1 9.1466E-2 3.15544E-2 2.58039E-2 2.27681E-2 3.44312E-2 2.83428E-1 2.5774E-1 2.6663E-1 2.7864E-1 3.35413E-1 3.59993E-1 3.49937E-1 1.9228E-1 2.18882E-1 2.62618E-1 1.24169E-1 2.0071E-1 1.65007E-1 1.42732E-1 1.26061E-2 2.31207E-2 7.20453E-3 3.36149E-3 1.90568E-2 6.12368E-2 4.43668E-2 2.16468E-2 4.89873E-3 1.05203E-2 2.39071E-2 5.95232E-2 -9999 -9999 -9999 -9999 -9999 -9999 -9999 -9999 -9999 -9999 -9999
-9999 -9999 -9999 -9999 -9999 -9999 -9999 -9999 -9999 -9999 -9999 1.10541E-4 3.89826E-5 2.76121E-5 2.73652E-5 2.42793E-5 2.35597E-5 2.83161E-5 5.16041E-5 1.37268E-4 4.63318E-4 9.5524E-4 6.90479E-3 1.59544E-2 4.25155E-2 2.74915E-2 1.65811E-2 1.4837E-2 5.49639E-3 4.63513E-3 1.41959E-2 1.55762E-1 1.47724E-1 2.3786E-1 3.16876E-1 3.6817E-1 3.71661E-1 2.42638E-1 3.05527E-1 4.20006E-1 3.87665E-1 3.55981E-1 1.9406E-1 6.41325E-2 3.40909E-2 5.68974E-2 2.05737E-2 1.01268E-2 5.49607E-3 5.52676E-3 1.38557E-2 5.45755E-2 7.95856E-2 2.27475E-2 6.31699E-3 1.94938E-2 3.46071E-2 4.81863E-2 -9999 -9999 -9999 -9999 -9999 -9999 -9999 -9999 -9999 -9999 -9999
-9999 -9999 -9999 -9999 -9999 -9999 -9999 -9999 -9999 -9999 7.93154E-5 5.70889E-5 3.5192E-5 2.78392E-5 2.42374E-5 2.28628E-5 2.21636E-5 2.63906E-5 3.66712E-5 5.0451E-5 7.11318E-5 1.80474E-4 6.96571E-4 9.53183E-4 2.27084E-3 3.76515E-3 2.65083E-3 2.47773E-3 2.50725E-3 4.85345E-3 6.64423E-2 3.36162E-1 1.96085E-1 3.35617E-1 4.61749E-1 3.38821E-1 2.70756E-1 1.966E-1 3.73716E-1 5.47686E-1 4.18619E-1 2.59342E-1 2.06977E-1 1.64605E-1 1.27625E-2 2.40576E-2 2.77199E-2 8.03176E-3 3.12164E-3 7.11515E-3 4.2205E-2 6.86751E-2 7.92828E-2 2.03833E-2 7.57856E-3 2.16232E-2 5.62248E-2 -9999 -9999 -9999 -9999 -9999 -9999 -9999 -9999 -9999 -9999 -9999 -9999
-9999 -9999 -9999 -9999 -9999 -9999 1.42386E-4 1.23094E-4 1.12344E-4 6.93546E-5 4.29043E-5 2.91331E-5 2.35869E-5 1.951E-5 1.88229E-5 2.07032E-5 2.21062E-5 3.34737E-5 4.88918E-5 1.11108E-4 2.75281E-4 5.33451E-4 7.12039E-4 4.06423E-3 3.46489E-3 2.31393E-3 1.79037E-3 1.05556E-3 2.27797E-3 5.64345E-2 2.32202E-1 2.80355E-1 4.01828E-1 4.5766E-1 4.70019E-1 3.14071E-1 2.29094E-1 1.51627E-1 1.87533E-1 4.18866E-1 2.237E-1 2.29117E-1 2.32264E-1 1.8403E-1 1.04794E-2 1.03964E-2 8.89288E-3 1.95806E-2 4.2264E-3 7.66008E-3 2.26583E-2 7.52534E-2 4.77186E-2 1.57479E-2 1.13128E-2 4.57132E-2 -9999 -9999 -9999 -9999 -9999 -9999 -9999 -9999 -9999 -9999 -9999 -9999 -9999
-9999 -9999 -9999 -9999 -9999 2.17842E-4 1.69318E-4 1.11887E-4 7.16643E-5 5.15046E-5 2.95377E-5 2.29538E-5 1.83908E-5 1.5257E-5 1.69972E-5 2.04254E-5 2.35653E-5 3.754E-5 1.4327E-4 4.61513E-4 2.52838E-3 9.96306E-3 4.55377E-3 8.3997E-3 4.63695E-3 1.1554E-2 2.43137E-2 2.47778E-3 2.98764E-3 3.69561E-2 3.03813E-1 4.06975E-1 2.75766E-1 5.1611E-1 3.81443E-1 2.88666E-1 2.30098E-1 1.60514E-1 1.81098E-1 3.51838E-1 3.6657E-1 1.80835E-1 2.23141E-1 1.103E-1 5.3598E-3 3.67951E-3 3.85925E-3 8.56967E-3 3.4256E-3 9.83116E-3 3.66699E-2 7.66277E-2 3.95238E-2 1.71706E-2 1.23548E-2 4.07206E-2 -9999 -9999 -9999 -9999 -9999 -9999 -9999 -9999 -9999 -9999 -9999 -9999 -9999
-9999 -9999 -9999 -9999 -9999 -9999 -9999 1.00584E-4 5.37414E-5 4.77981E-5 2.32345E-5 1.6314E-5 1.34069E-5 1.53691E-5 1.84686E-5 3.11762E-5 4.50431E-5 6.45898E-5 3.54506E-4 1.1598E-2 7.31279E-3 2.88026E-2 1.37894E-2 3.74228E-2 5.42838E-2 1.1834E-1 2.77383E-2 1.81145E-2 9.90859E-3 3.14621E-2 9.29448E-2 6.32537E-2 3.27224E-1 5.00955E-1 3.43899E-1 3.2717E-1 1.8083E-1 3.84288E-1 3.61879E-1 4.08593E-1 2.89885E-1 1.93253E-1 4.63572E-2 2.13271E-2 4.5368E-3 2.46102E-3 1.32071E-3 2.80871E-3 2.35047E-3 1.82056E-2 4.50164E-2 7.69514E-2 -9999 -9999 1.21055E-2 1.68716E-2 -9999 -9999 -9999 -9999 -9999 -9999 -9999 -9999 -9999 -9999 -9999 -9999 -9999
-9999 -9999 -9999 -9999 -9999 -9999 7.26295E-5 6.15463E-5 3.67207E-5 2.4368E-5 1.7253E-5 1.4439E-5 1.55223E-5 1.67568E-5 1.9566E-5 4.79251E-5 4.91768E-4 2.68905E-4 3.96794E-4 1.05738E-2 3.84784E-2 5.94896E-2 4.00933E-2 5.44605E-2 1.08301E-1 1.1325E-1 5.49028E-2 1.59322E-1 4.49295E-2 5.51231E-3 2.49347E-2 2.19799E-1 4.70263E-1 5.62402E-1 3.52911E-1 2.92189E-1 3.24131E-1 2.23516E-1 2.2162E-1 2.44263E-1 2.86674E-1 1.02076E-1 1.34988E-2 5.69424E-3 5.9186E-3 1.07434E-2 1.74111E-3 3.54003E-3 1.88862E-3 1.67633E-2 5.02424E-2 6.32503E-2 -9999 -9999 1.42589E-2 1.79183E-2 2.3364E-2 -9999 -9999 -9999 -9999 -9999 -9999 -9999 -9999 -9999 -9999 -9999 -9999
