Pheucticus_aureoventris.asc
ncols         403
nrows         159
xllcorner     -92.0
yllcorner     -4.958333333333
cellsize      0.041666666667
NODATA_value  -9999
[rows 62 to 92 of 159, columns 276 to 344 of 403]
2.75759E-5 1.793E-5 2.49788E-5 3.69174E-5 9.43875E-5 7.58735E-5 5.93236E-5 9.68947E-5 2.20807E-4 5.56648E-4 4.23547E-4 5.59521E-4 9.72753E-4 1.35405E-3 1.80199E-3 1.79804E-3 2.11162E-3 2.41091E-3 2.98225E-3 3.84215E-3 4.76907E-3 5.8625E-3 7.31068E-3 9.97934E-3 1.26219E-2 1.26405E-2 1.88992E-2 3.19217E-2 6.22596E-2 1.31402E-1 2.23836E-1 2.04683E-1 4.92308E-2 1.40854E-1 3.46478E-2 2.59097E-2 1.01094E-1 2.82765E-1 3.30039E-1 3.70587E-1 4.24377E-1 3.92525E-1 6.03167E-1 7.23443E-1 7.72936E-1 8.18357E-1 8.46933E-1 3.23798E-1 2.97343E-1 3.47964E-1 2.94953E-1 2.38367E-1 1.53069E-1 2.56764E-1 2.58169E-1 3.25451E-1 3.46769E-1 1.75472E-1 1.86053E-1 2.05565E-1 1.84933E-1 2.85567E-1 1.52504E-1 9.47359E-2 4.0148E-2 7.18106E-2 1.00863E-1 1.30702E-1 1.47234E-1
3.29128E-5 2.16551E-5 1.94374E-5 3.64504E-5 6.8641E-5 2.215E-4 2.64123E-4 3.95988E-4 5.29859E-4 7.96667E-4 6.94718E-4 6.39553E-4 1.05365E-3 1.68107E-3 1.73237E-3 1.68337E-3 1.82272E-3 2.34955E-3 3.09457E-3 3.64584E-3 4.53128E-3 5.39135E-3 6.73279E-3 8.08846E-3 1.02454E-2 1.15427E-2 1.70999E-2 2.3447E-2 4.23571E-2 8.57969E-2 7.02891E-2 3.63857E-2 3.9472E-2 1.79672E-1 1.08869E-1 2.63489E-2 1.18428E-1 3.0049E-1 3.22502E-1 4.03917E-1 4.35596E-1 4.10202E-1 7.05763E-1 7.40078E-1 8.06326E-1 8.49523E-1 8.36664E-1 3.74853E-1 3.48392E-1 3.74124E-1 3.32692E-1 2.59018E-1 2.45848E-1 2.67164E-1 2.90399E-1 2.46696E-1 2.56929E-1 1.49679E-1 1.53438E-1 2.07718E-1 2.47201E-1 2.72529E-1 1.16722E-1 6.49351E-2 4.56205E-2 8.14717E-2 9.59284E-2 1.03284E-1 8.73188E-2
3.01789E-5 2.45977E-5 2.05031E-5 2.2773E-5 5.66371E-5 1.0278E-4 2.31786E-4 3.77288E-4 8.58753E-4 1.41014E-3 1.37771E-3 1.69894E-3 1.37901E-3 1.3651E-3 1.74379E-3 1.6938E-3 1.80113E-3 2.45602E-3 3.01127E-3 3.50507E-3 4.19834E-3 2.6684E-3 3.069E-3 6.58567E-3 8.96009E-3 1.02867E-2 1.34941E-2 1.87465E-2 2.79053E-2 3.27762E-2 2.19952E-2 3.46836E-2 6.82809E-2 2.3449E-1 1.18706E-1 2.25321E-2 1.19633E-1 3.30378E-1 4.62908E-1 4.56514E-1 4.85447E-1 4.1776E-1 6.83308E-1 7.90097E-1 8.4732E-1 8.54116E-1 8.93843E-1 6.29604E-1 4.83879E-1 3.30744E-1 3.19847E-1 2.69711E-1 2.876E-1 2.93793E-1 3.41943E-1 1.51184E-1 2.16779E-1 1.62001E-1 1.45846E-1 1.92935E-1 2.32278E-1 2.28039E-1 9.28714E-2 7.59697E-2 6.05553E-2 6.53304E-2 5.59746E-2 3.3419E-2 2.34837E-2
2.2525E-5 2.14846E-5 3.49892E-5 5.93466E-5 6.21582E-5 9.24797E-5 2.22833E-4 4.30195E-4 9.00588E-4 1.49158E-3 1.82681E-3 2.54998E-3 2.35616E-3 1.70184E-3 1.4886E-3 1.71803E-3 2.20424E-3 2.93049E-3 3.03454E-3 3.66384E-3 4.49985E-3 4.69398E-3 4.85741E-3 5.70425E-3 7.48219E-3 8.70839E-3 1.11106E-2 1.4661E-2 2.03583E-2 3.03836E-2 2.92556E-2 1.62973E-1 2.77868E-1 1.30226E-1 2.13155E-2 4.21694E-2 1.44944E-1 2.98256E-1 4.37077E-1 5.27402E-1 4.28652E-1 4.21834E-1 7.08915E-1 8.2711E-1 8.76419E-1 8.74047E-1 9.11345E-1 8.09487E-1 7.03101E-1 4.6609E-1 3.96773E-1 3.00832E-1 3.53169E-1 3.04014E-1 3.10567E-1 1.45301E-1 1.78055E-1 1.88936E-1 2.1158E-1 1.93721E-1 1.06875E-1 9.88078E-2 5.48141E-2 5.05146E-2 2.64927E-2 2.94868E-2 2.85219E-2 2.04781E-2 1.52677E-2
3.68489E-5 2.58855E-5 3.49062E-5 1.27796E-4 2.06726E-4 3.83774E-4 3.18096E-4 4.44972E-4 5.74132E-4 1.26508E-3 1.86702E-3 1.66114E-3 1.24596E-3 1.85767E-3 1.63851E-3 1.97792E-3 2.83243E-3 3.07739E-3 3.82685E-3 4.41837E-3 4.07511E-3 4.21352E-3 4.20216E-3 5.19417E-3 6.40697E-3 7.80466E-3 9.60221E-3 1.13803E-2 1.63444E-2 2.63403E-2 2.88164E-2 3.57728E-2 1.67571E-1 4.18897E-1 4.05235E-2 2.45866E-2 6.51825E-2 2.75221E-1 3.05558E-1 4.8918E-1 5.183E-1 4.01205E-1 3.97039E-1 7.4575E-1 8.87861E-1 8.99227E-1 9.09385E-1 8.11319E-1 7.54119E-1 4.33404E-1 4.36111E-1 4.29247E-1 3.85182E-1 3.90499E-1 3.07531E-1 2.17557E-1 1.7225E-1 2.02323E-1 1.619E-1 2.12094E-1 2.05858E-1 7.02732E-2 7.55354E-2 5.10579E-2 3.20695E-2 4.38764E-2 2.92992E-2 1.86277E-2 1.64187E-2
6.32496E-5 4.13335E-5 3.5601E-5 1.16077E-4 1.71055E-4 1.88872E-4 4.22931E-4 6.8202E-4 8.41666E-4 1.47081E-3 1.34656E-3 1.06794E-3 1.16401E-3 1.12767E-3 1.4264E-3 2.62041E-3 2.82117E-3 3.64173E-3 5.02274E-3 5.54678E-3 4.32407E-3 3.688E-3 3.6378E-3 4.41364E-3 5.03963E-3 6.73232E-3 8.31572E-3 1.01634E-2 1.43428E-2 2.18152E-2 2.48803E-2 3.18408E-2 4.196E-2 1.18469E-1 8.92602E-2 2.71134E-2 4.34699E-2 1.50388E-1 3.34958E-1 3.92863E-1 4.55423E-1 4.41918E-1 3.45823E-1 3.12234E-1 6.39021E-1 9.11808E-1 8.87261E-1 8.23858E-1 6.70101E-1 4.36713E-1 3.56131E-1 2.95443E-1 3.01982E-1 2.69025E-1 2.24192E-1 2.83568E-1 1.20419E-1 1.24634E-1 1.55234E-1 3.22525E-1 1.66222E-1 1.03085E-1 6.25242E-2 3.47263E-2 5.50676E-2 5.61679E-2 2.74324E-2 2.26484E-2 1.93023E-2
7.54486E-5 6.07595E-5 5.1394E-5 1.01889E-4 1.53198E-4 2.77121E-4 5.59972E-4 3.88493E-4 6.33791E-4 9.32024E-4 7.83211E-4 1.02565E-3 1.21437E-3 1.39955E-3 1.71313E-3 2.42256E-3 3.26431E-3 4.52325E-3 6.34954E-3 5.30524E-3 5.17496E-3 3.89724E-3 3.40311E-3 3.99798E-3 4.50964E-3 6.23822E-3 7.86692E-3 9.7735E-3 1.48223E-2 1.98292E-2 2.55109E-2 1.77658E-2 7.70855E-2 9.37549E-2 1.21021E-1 2.37652E-2 7.13371E-2 2.07008E-1 3.66144E-1 4.76201E-1 4.13484E-1 4.31125E-1 3.07318E-1 5.01386E-1 7.77525E-1 9.02165E-1 8.71336E-1 8.2353E-1 6.49789E-1 4.44559E-1 3.42078E-1 2.8486E-1 2.95203E-1 2.84691E-1 1.44916E-1 2.58436E-1 1.61054E-1 1.42563E-1 1.16435E-1 3.67478E-1 1.58009E-1 8.92752E-2 5.98729E-2 4.5135E-2 8.36763E-2 4.97379E-2 3.97067E-2 2.65378E-2 2.50412E-2
8.71506E-5 6.24715E-5 1.01567E-4 1.44254E-4 2.45238E-4 4.85521E-4 4.63472E-4 5.96291E-4 7.61832E-4 7.57708E-4 1.05383E-3 1.19704E-3 1.17751E-3 1.30236E-3 2.28125E-3 2.85247E-3 4.22291E-3 5.63719E-3 5.29856E-3 6.62836E-3 6.85881E-3 5.00857E-3 3.55929E-3 3.94878E-3 4.77858E-3 6.22701E-3 7.74491E-3 1.08321E-2 1.53428E-2 1.93785E-2 2.31972E-2 2.24878E-2 1.36452E-1 1.97225E-2 2.2724E-2 2.46601E-2 4.19361E-2 2.139E-1 4.04632E-1 4.19204E-1 4.23981E-1 4.00221E-1 6.50975E-1 8.25719E-1 8.72978E-1 8.8794E-1 8.44024E-1 8.2047E-1 7.70035E-1 2.64575E-1 2.14744E-1 2.08955E-1 1.70614E-1 1.80433E-1 2.33368E-1 1.83168E-1 1.00352E-1 1.03157E-1 2.02983E-1 3.03265E-1 1.465E-1 7.76042E-2 4.22108E-2 8.88703E-2 9.70468E-2 6.37797E-2 5.02225E-2 3.38431E-2 2.93735E-2
1.48244E-4 1.33394E-4 1.84947E-4 2.42249E-4 3.32483E-4 4.85023E-4 6.95366E-4 8.71275E-4 9.81742E-4 1.25915E-3 1.17753E-3 1.12618E-3 1.10545E-3 1.69516E-3 2.03089E-3 2.60498E-3 3.69564E-3 5.31563E-3 7.49639E-3 9.27128E-3 7.97495E-3 7.92902E-3 5.39087E-3 4.67734E-3 5.19025E-3 6.71777E-3 8.50111E-3 1.18415E-2 1.59459E-2 1.65403E-2 1.39638E-2 2.43293E-2 9.41569E-2 5.87128E-2 2.66633E-2 6.29348E-2 8.93009E-2 2.60775E-1 4.45089E-1 4.84395E-1 5.6671E-1 6.49142E-1 8.20764E-1 8.85296E-1 9.00172E-1 8.74814E-1 8.37817E-1 8.20202E-1 7.92416E-1 3.82538E-1 5.02285E-1 2.1911E-1 1.95706E-1 1.64232E-1 1.35559E-1 8.23117E-2 9.96319E-2 1.49389E-1 2.11017E-1 2.2302E-1 8.79506E-2 6.01542E-2 5.37994E-2 9.49946E-2 9.70933E-2 6.51984E-2 5.29349E-2 3.9087E-2 2.52798E-2
2.58676E-4 2.16464E-4 2.605E-4 3.58076E-4 4.59477E-4 6.17652E-4 9.33488E-4 1.04194E-3 1.55282E-3 1.23557E-3 1.20856E-3 1.04904E-3 1.39063E-3 1.57243E-3 2.3273E-3 3.08095E-3 3.15695E-3 4.94727E-3 6.86287E-3 1.02893E-2 1.31776E-2 1.00925E-2 9.50393E-3 6.80109E-3 7.05672E-3 8.39402E-3 9.90131E-3 1.38568E-2 1.18756E-2 1.5435E-2 3.6033E-2 1.02611E-1 6.87206E-2 2.81464E-2 2.44024E-2 1.30007E-1 2.597E-1 3.35716E-1 4.32062E-1 4.36924E-1 4.418E-1 5.49466E-1 7.44637E-1 8.33597E-1 8.84781E-1 8.34294E-1 8.35064E-1 6.82787E-1 8.32085E-1 5.80781E-1 5.39416E-1 2.13425E-1 2.57743E-1 1.84747E-1 7.93393E-2 8.75221E-2 9.98515E-2 9.4214E-2 3.88589E-1 1.57261E-1 8.87121E-2 1.08939E-1 8.90514E-2 1.04318E-1 7.73598E-2 8.57474E-2 6.74068E-2 4.55738E-2 3.49404E-2
6.50229E-4 5.44842E-4 5.86315E-4 4.20232E-4 4.50731E-4 6.43777E-4 8.49035E-4 1.2472E-3 1.2728E-3 1.07557E-3 9.70041E-4 9.52356E-4 1.29916E-3 1.3288E-3 1.93372E-3 2.67785E-3 4.07314E-3 6.37832E-3 7.19133E-3 1.01942E-2 1.65146E-2 1.49428E-2 1.61385E-2 1.22107E-2 1.00916E-2 1.0484E-2 1.2727E-2 1.55271E-2 1.38658E-2 1.93361E-2 2.48062E-2 9.87712E-2 2.85848E-2 2.07026E-2 6.1365E-2 1.49769E-1 3.35704E-1 4.371E-1 4.34042E-1 4.38488E-1 4.52888E-1 4.53625E-1 3.54591E-1 7.21702E-1 8.53447E-1 8.50016E-1 8.57835E-1 7.27888E-1 6.74061E-1 6.4547E-1 4.15609E-1 2.92147E-1 1.98853E-1 1.88692E-1 1.14236E-1 1.0585E-1 9.08021E-2 1.16458E-1 4.72129E-1 1.41215E-1 1.38279E-1 1.20968E-1 9.78034E-2 8.80146E-2 8.34526E-2 1.02806E-1 1.06315E-1 6.20774E-2 2.7458E-2
5.84489E-4 4.74124E-4 3.37813E-4 4.98259E-4 4.29789E-4 6.99417E-4 9.54837E-4 1.20281E-3 1.29821E-3 1.09615E-3 1.00973E-3 8.17393E-4 7.98662E-4 1.22002E-3 1.30029E-3 2.55398E-3 3.6437E-3 5.73324E-3 9.31347E-3 1.042E-2 2.03091E-2 3.23304E-2 3.3967E-2 2.22089E-2 1.37334E-2 1.37825E-2 1.54573E-2 1.31447E-2 1.96577E-2 2.18324E-2 2.24478E-2 4.34253E-2 8.3084E-2 2.27207E-2 1.15043E-1 2.27124E-1 3.23172E-1 4.26379E-1 4.00087E-1 4.12045E-1 4.63283E-1 5.77859E-1 4.28828E-1 3.43941E-1 8.17072E-1 8.60679E-1 8.20413E-1 8.05875E-1 3.52069E-1 1.63721E-1 9.88904E-2 8.97299E-2 1.03919E-1 1.13062E-1 2.55885E-1 3.0332E-1 1.00397E-1 3.21474E-1 4.16872E-1 1.31951E-1 1.18643E-1 9.91811E-2 7.99397E-2 8.67376E-2 9.92414E-2 1.11066E-1 1.19519E-1 3.69861E-2 2.55542E-2
3.50541E-4 5.15322E-4 3.37799E-4 3.82564E-4 4.18305E-4 6.42989E-4 9.18657E-4 1.16384E-3 1.04798E-3 8.8889E-4 7.61165E-4 7.3077E-4 7.27243E-4 1.01859E-3 1.29671E-3 1.60533E-3 3.34195E-3 5.10545E-3 8.59303E-3 1.57436E-2 3.05198E-2 4.11354E-2 4.39568E-2 2.51369E-2 1.97389E-2 1.78048E-2 1.98714E-2 2.63548E-2 2.90546E-2 2.83962E-2 3.44012E-2 3.61341E-2 6.83236E-2 2.41406E-2 5.8916E-2 2.12454E-1 2.92043E-1 3.81934E-1 4.18084E-1 5.29003E-1 6.63489E-1 5.42088E-1 3.90878E-1 4.55893E-1 6.12742E-1 7.83852E-1 7.37829E-1 7.45908E-1 5.53374E-1 5.27435E-1 3.71761E-1 2.53858E-1 1.18339E-1 7.86137E-2 1.79261E-1 3.05866E-1 3.32083E-1 3.29973E-1 4.11646E-1 1.74337E-1 8.98388E-2 8.04475E-2 7.3379E-2 6.9616E-2 8.84478E-2 4.9813E-2 2.72701E-2 2.37501E-2 3.19666E-2
4.34107E-4 3.29996E-4 2.76374E-4 3.59905E-4 4.77826E-4 5.96909E-4 8.43316E-4 1.45683E-3 1.14104E-3 6.74554E-4 5.95102E-4 4.40103E-4 7.78958E-4 9.05402E-4 1.09992E-3 1.40223E-3 2.02422E-3 4.32205E-3 7.15753E-3 1.39451E-2 2.47079E-2 3.18136E-2 3.77999E-2 2.67749E-2 2.09107E-2 1.89339E-2 2.53633E-2 2.53866E-2 4.0433E-2 2.45231E-2 3.3696E-2 3.74641E-2 4.98381E-2 2.05855E-2 5.75257E-2 1.55882E-1 2.60924E-1 2.97205E-1 4.0794E-1 5.98315E-1 6.40736E-1 6.08973E-1 4.84402E-1 3.2818E-1 3.63199E-1 3.51941E-1 6.87978E-1 7.95092E-1 6.17377E-1 2.60635E-1 1.89256E-1 1.57527E-1 1.34634E-1 1.59614E-1 1.09454E-1 1.61084E-1 3.28556E-1 1.40907E-1 1.48795E-1 1.0397E-1 7.86407E-2 8.13829E-2 5.38766E-2 3.0682E-2 3.69976E-2 3.20588E-2 2.22471E-2 1.56041E-2 1.64515E-2
2.99755E-4 2.35312E-4 3.01843E-4 4.29819E-4 5.00776E-4 5.85137E-4 8.58503E-4 9.49584E-4 9.33588E-4 5.62741E-4 3.73877E-4 4.35723E-4 6.51564E-4 5.46093E-4 9.14099E-4 1.14584E-3 1.62385E-3 3.4818E-3 5.73824E-3 1.05037E-2 1.32585E-2 2.12272E-2 1.99722E-2 2.42977E-2 1.86087E-2 1.87083E-2 2.59522E-2 3.31412E-2 3.39358E-2 2.58836E-2 4.57768E-2 5.34563E-2 3.88645E-2 2.13092E-2 4.43907E-2 1.13704E-1 1.80289E-1 2.87854E-1 3.9533E-1 3.98503E-1 3.93988E-1 5.46757E-1 6.59804E-1 4.73545E-1 4.73E-1 4.52848E-1 6.96205E-1 8.44232E-1 7.10672E-1 3.07781E-1 2.04843E-1 1.42613E-1 1.94559E-1 1.35605E-1 8.7274E-2 9.60212E-2 2.89798E-1 1.74131E-1 7.67123E-2 6.62784E-2 6.48009E-2 7.61699E-2 6.3033E-2 2.33735E-2 1.87053E-2 2.03229E-2 1.54775E-2 1.60195E-2 2.27181E-2
2.39717E-4 3.34375E-4 4.32196E-4 4.09498E-4 5.102E-4 7.17951E-4 7.63136E-4 6.24921E-4 5.97045E-4 3.94968E-4 3.66265E-4 3.57816E-4 5.35687E-4 4.40144E-4 7.59304E-4 9.5222E-4 1.40568E-3 3.08989E-3 4.84527E-3 8.01614E-3 9.68329E-3 1.54123E-2 1.45231E-2 1.99862E-2 1.72268E-2 1.73048E-2 2.44746E-2 3.61342E-2 4.57639E-2 2.99531E-2 3.37864E-2 4.37033E-2 4.59398E-2 2.3484E-2 5.64217E-2 1.11314E-1 1.08391E-1 2.89871E-1 3.42336E-1 3.42347E-1 3.93362E-1 5.54554E-1 7.53343E-1 7.15472E-1 7.01743E-1 7.49407E-1 8.23727E-1 8.32616E-1 3.78397E-1 2.28771E-1 2.02817E-1 1.43175E-1 1.70219E-1 1.29835E-1 1.20506E-1 2.29131E-1 2.57136E-1 9.9799E-2 6.16259E-2 5.7654E-2 5.50508E-2 6.6027E-2 7.80384E-2 4.13833E-2 1.4341E-2 1.18309E-2 9.60103E-3 1.00262E-2 1.12952E-2
2.44615E-4 3.70616E-4 4.16518E-4 5.28728E-4 7.14085E-4 7.42121E-4 5.71268E-4 5.25166E-4 5.04043E-4 2.40852E-4 2.22397E-4 3.9522E-4 4.07473E-4 3.39476E-4 4.49748E-4 8.20874E-4 1.16911E-3 2.65491E-3 2.8312E-3 4.60169E-3 7.62806E-3 1.15782E-2 1.18273E-2 1.56623E-2 1.53348E-2 1.61389E-2 2.47968E-2 5.48241E-2 9.54471E-2 4.0637E-2 2.98002E-2 3.13276E-2 3.88255E-2 2.40494E-2 5.75777E-2 1.19365E-1 1.02125E-1 2.68229E-1 3.30493E-1 3.2672E-1 4.11644E-1 6.38981E-1 7.53662E-1 8.28797E-1 8.76572E-1 8.76648E-1 8.76529E-1 7.33537E-1 2.51182E-1 1.73294E-1 1.6224E-1 1.1653E-1 1.03832E-1 1.32018E-1 9.27027E-2 1.94427E-1 1.28943E-1 7.51126E-2 5.83618E-2 4.80305E-2 4.35159E-2 4.80409E-2 6.10961E-2 6.46285E-2 1.83628E-2 1.07637E-2 9.42213E-3 7.1745E-3 6.63779E-3
2.44672E-4 3.93527E-4 3.89522E-4 4.09825E-4 5.73127E-4 5.93915E-4 5.92229E-4 5.55404E-4 4.26407E-4 2.52484E-4 2.30294E-4 3.01064E-4 4.55577E-4 2.67656E-4 5.26211E-4 6.85993E-4 1.48253E-3 1.50935E-3 2.25691E-3 3.79639E-3 5.78594E-3 9.25568E-3 9.9465E-3 1.01196E-2 1.26135E-2 1.48705E-2 2.64372E-2 5.04368E-2 4.69378E-2 8.2198E-2 2.13797E-2 3.142E-2 2.77437E-2 3.30341E-2 8.15676E-2 1.08874E-1 1.09196E-1 2.74248E-1 3.04565E-1 3.21081E-1 3.84953E-1 6.25809E-1 7.28073E-1 8.38048E-1 8.70551E-1 8.76481E-1 8.09625E-1 3.79648E-1 2.27621E-1 3.09564E-1 1.75672E-1 1.16283E-1 1.08122E-1 9.12258E-2 8.90104E-2 2.59231E-1 7.797E-2 6.88487E-2 4.74749E-2 4.32339E-2 3.65975E-2 3.19298E-2 4.99156E-2 7.00032E-2 3.37599E-2 1.93527E-2 1.54985E-2 7.45639E-3 7.57266E-3
2.72453E-4 3.24735E-4 3.50326E-4 4.94186E-4 5.26927E-4 7.03216E-4 7.31707E-4 5.65676E-4 4.11263E-4 3.25729E-4 2.7416E-4 3.62973E-4 3.76114E-4 3.15825E-4 4.17306E-4 5.59496E-4 1.15963E-3 1.19175E-3 1.91241E-3 3.05033E-3 4.66907E-3 5.34647E-3 7.68304E-3 8.45572E-3 9.81905E-3 1.37478E-2 2.3069E-2 3.80056E-2 6.55033E-2 1.16885E-1 2.42437E-2 2.93233E-2 2.78653E-2 3.53653E-2 5.54305E-2 8.78332E-2 1.0284E-1 2.85453E-1 3.2283E-1 3.23837E-1 3.77713E-1 6.24877E-1 6.9718E-1 8.11529E-1 8.53857E-1 8.40916E-1 4.2198E-1 2.30977E-1 2.18169E-1 3.28832E-1 2.09825E-1 1.13584E-1 9.65044E-2 9.07766E-2 7.45486E-2 1.48473E-1 2.23861E-1 6.82184E-2 4.58936E-2 4.11696E-2 3.62908E-2 3.5429E-2 3.32846E-2 4.9684E-2 2.61206E-2 2.06515E-2 1.33651E-2 1.21291E-2 7.79313E-3
3.76045E-4 3.76306E-4 4.09844E-4 5.11439E-4 5.88961E-4 6.93112E-4 5.42257E-4 4.08179E-4 3.51558E-4 2.6737E-4 2.31602E-4 3.24733E-4 2.93745E-4 2.83328E-4 3.78446E-4 5.04504E-4 6.64505E-4 1.04616E-3 1.49331E-3 2.36845E-3 3.70794E-3 3.99864E-3 5.64016E-3 6.64908E-3 7.33443E-3 1.11257E-2 1.87352E-2 2.51934E-2 3.96705E-2 8.09103E-2 1.88214E-2 2.45934E-2 2.2531E-2 2.56163E-2 4.9956E-2 4.49466E-2 1.23455E-1 2.72722E-1 2.89695E-1 2.84859E-1 3.97516E-1 6.06431E-1 6.58066E-1 7.48718E-1 8.1515E-1 7.85048E-1 3.18888E-1 2.71346E-1 2.74458E-1 1.77767E-1 1.21918E-1 1.11122E-1 1.54376E-1 8.30847E-2 1.02447E-1 1.6691E-1 1.41249E-1 6.24419E-2 5.47045E-2 4.36787E-2 3.97125E-2 4.03272E-2 3.19469E-2 3.5764E-2 1.94299E-2 1.30549E-2 1.21637E-2 8.34439E-3 6.73908E-3
4.8424E-4 4.94083E-4 5.25654E-4 4.97369E-4 4.42796E-4 2.97912E-4 3.01867E-4 2.95793E-4 2.82347E-4 2.63554E-4 2.29516E-4 3.2296E-4 2.35115E-4 2.85634E-4 3.60314E-4 4.65335E-4 9.06203E-4 9.45258E-4 1.38008E-3 2.16935E-3 2.89514E-3 2.81063E-3 3.19689E-3 4.76989E-3 6.21745E-3 9.02901E-3 1.35322E-2 1.81318E-2 3.34474E-2 8.54074E-2 1.93601E-2 1.85793E-2 2.48546E-2 2.65409E-2 4.89638E-2 5.0512E-2 1.02949E-1 2.79623E-1 2.68314E-1 2.7839E-1 2.81636E-1 4.75498E-1 6.66509E-1 7.56414E-1 7.08871E-1 5.53214E-1 2.87337E-1 2.404E-1 2.84801E-1 1.31929E-1 1.08261E-1 1.72687E-1 8.77205E-2 1.16488E-1 7.04618E-2 1.96455E-1 1.66131E-1 9.33807E-2 6.31434E-2 5.40137E-2 4.74243E-2 4.13466E-2 3.06269E-2 2.45495E-2 2.54944E-2 1.55713E-2 1.01487E-2 8.52969E-3 7.66447E-3
5.52205E-4 5.48346E-4 4.57833E-4 4.36708E-4 3.91894E-4 2.77497E-4 2.59126E-4 3.95097E-4 4.01126E-4 2.46571E-4 3.38278E-4 3.33194E-4 3.43386E-4 3.96907E-4 5.13576E-4 4.52709E-4 5.87996E-4 7.94565E-4 1.10299E-3 1.5594E-3 2.23856E-3 2.06671E-3 3.34435E-3 4.331E-3 5.19499E-3 7.44776E-3 9.9182E-3 1.41888E-2 2.17698E-2 4.47072E-2 1.08158E-2 1.99843E-2 2.1005E-2 2.51136E-2 3.78031E-2 3.86564E-2 9.12021E-2 2.76722E-1 3.32259E-1 2.65245E-1 2.82529E-1 4.54254E-1 6.8329E-1 7.32151E-1 6.4594E-1 4.60303E-1 3.27075E-1 2.2404E-1 3.37405E-1 1.44657E-1 1.24936E-1 1.21861E-1 1.00034E-1 9.74426E-2 1.2769E-1 1.83131E-1 1.46921E-1 8.96121E-2 6.10273E-2 4.86242E-2 3.92424E-2 3.19642E-2 2.77446E-2 2.17065E-2 2.99327E-2 1.30111E-2 7.78522E-3 7.10851E-3 7.35378E-3
7.51652E-4 4.09909E-4 3.53888E-4 3.99442E-4 3.87736E-4 2.67274E-4 2.53717E-4 3.83231E-4 3.81703E-4 3.76673E-4 3.69406E-4 4.90604E-4 3.65325E-4 4.16447E-4 3.51932E-4 5.97478E-4 7.79744E-4 9.66635E-4 1.29504E-3 1.12941E-3 1.59497E-3 2.29729E-3 2.24135E-3 2.57341E-3 3.96777E-3 5.67612E-3 7.70954E-3 1.03838E-2 1.45843E-2 3.14531E-2 1.75013E-2 1.83973E-2 2.04555E-2 2.47725E-2 2.92126E-2 2.61723E-2 3.65706E-2 1.60183E-1 3.40105E-1 2.26926E-1 2.8133E-1 5.39162E-1 6.84265E-1 7.8473E-1 7.0667E-1 5.31765E-1 3.3382E-1 3.4074E-1 2.99903E-1 1.45091E-1 2.25795E-1 1.23571E-1 1.26246E-1 8.9289E-2 1.05099E-1 1.37326E-1 1.75897E-1 8.55647E-2 5.45196E-2 4.42284E-2 3.57303E-2 2.76451E-2 2.00429E-2 1.5834E-2 2.122E-2 1.31891E-2 1.06559E-2 7.7222E-3 6.35065E-3
4.31129E-4 5.83645E-4 3.74273E-4 3.84491E-4 2.90791E-4 3.82915E-4 3.53003E-4 3.67955E-4 2.47414E-4 2.4555E-4 2.48351E-4 3.64073E-4 3.61816E-4 4.16361E-4 4.65617E-4 5.9132E-4 7.13728E-4 9.00784E-4 1.04418E-3 9.59371E-4 1.22714E-3 1.68031E-3 1.60608E-3 2.45041E-3 3.14052E-3 4.3451E-3 5.84588E-3 8.1111E-3 1.10296E-2 2.32256E-2 1.01438E-2 1.69063E-2 1.95528E-2 2.17597E-2 3.32314E-2 2.3869E-2 1.97978E-2 9.72712E-2 2.80027E-1 2.19165E-1 2.87797E-1 3.97244E-1 6.93756E-1 7.85927E-1 7.21775E-1 6.33572E-1 3.49978E-1 2.03169E-1 1.65693E-1 1.50437E-1 1.39421E-1 1.35909E-1 1.20282E-1 1.01166E-1 8.04834E-2 1.46517E-1 1.33405E-1 1.2759E-1 6.27308E-2 4.31602E-2 3.47349E-2 2.93184E-2 2.62319E-2 1.80529E-2 1.6965E-2 1.15226E-2 1.02252E-2 8.04004E-3 6.12269E-3
1.79525E-4 3.53719E-4 3.21925E-4 3.17774E-4 3.54896E-4 2.6462E-4 2.41564E-4 4.19767E-4 2.45452E-4 2.56258E-4 3.33578E-4 3.62822E-4 3.9393E-4 4.00521E-4 4.46563E-4 5.81109E-4 6.86926E-4 8.80544E-4 9.04162E-4 1.20659E-3 1.06081E-3 1.3176E-3 2.00285E-3 1.95194E-3 2.44912E-3 3.70976E-3 4.79072E-3 6.2795E-3 8.24614E-3 1.56191E-2 2.33186E-2 1.6613E-2 1.60169E-2 2.07421E-2 3.04613E-2 2.26906E-2 1.97018E-2 3.33103E-2 2.55734E-1 2.0703E-1 2.07022E-1 3.23291E-1 7.0032E-1 7.76381E-1 7.61847E-1 4.40207E-1 1.97046E-1 1.85396E-1 1.58369E-1 1.27382E-1 1.33735E-1 1.15364E-1 1.26006E-1 9.41807E-2 8.80711E-2 1.42341E-1 1.47718E-1 1.15069E-1 5.4471E-2 4.28203E-2 3.70398E-2 3.17835E-2 2.52295E-2 2.00144E-2 1.54283E-2 1.18777E-2 8.16088E-3 7.12412E-3 5.7923E-3
1.23004E-4 1.98412E-4 2.94333E-4 2.80234E-4 2.45432E-4 2.90168E-4 2.74957E-4 3.3626E-4 4.12682E-4 5.40566E-4 2.94567E-4 3.61948E-4 3.83733E-4 5.20761E-4 5.33424E-4 5.47597E-4 5.9534E-4 6.36363E-4 8.01755E-4 9.8476E-4 1.25189E-3 1.1169E-3 1.61936E-3 1.54368E-3 2.32291E-3 2.8225E-3 4.13688E-3 5.55293E-3 6.46273E-3 1.04775E-2 1.73065E-2 1.36165E-2 1.47109E-2 2.0946E-2 2.37592E-2 2.02357E-2 1.98662E-2 2.70938E-2 2.58385E-1 3.23206E-1 2.26665E-1 5.04769E-1 7.61723E-1 6.54302E-1 7.21289E-1 3.66754E-1 1.13965E-1 1.35324E-1 1.36912E-1 1.2671E-1 1.22606E-1 1.40549E-1 1.10985E-1 7.7545E-2 9.23123E-2 9.95863E-2 1.29387E-1 1.60323E-1 6.70424E-2 3.70045E-2 2.90649E-2 2.43818E-2 2.31699E-2 2.32722E-2 3.03981E-2 1.55021E-2 8.95151E-3 8.24925E-3 8.76104E-3
5.39458E-5 8.94591E-5 1.4615E-4 2.14583E-4 2.34301E-4 2.41158E-4 2.55846E-4 3.34994E-4 3.1612E-4 4.45368E-4 2.59154E-4 4.34137E-4 4.38532E-4 4.45968E-4 5.19278E-4 4.98769E-4 5.52254E-4 5.96929E-4 6.63265E-4 8.02014E-4 9.72671E-4 8.91496E-4 1.21243E-3 1.65525E-3 1.90721E-3 2.2623E-3 3.15292E-3 4.51103E-3 5.47127E-3 7.41581E-3 1.86665E-2 1.05726E-2 1.46532E-2 1.95761E-2 1.94662E-2 1.74983E-2 1.55986E-2 1.99276E-2 1.36158E-1 3.24203E-1 3.59857E-1 6.51227E-1 7.81316E-1 4.31649E-1 5.26495E-1 3.23897E-1 1.82339E-1 1.19312E-1 1.24155E-1 1.24176E-1 1.27409E-1 1.01231E-1 1.31516E-1 7.78373E-2 7.91383E-2 8.70133E-2 1.10195E-1 1.40614E-1 4.70623E-2 2.87101E-2 2.56295E-2 2.59649E-2 2.54624E-2 2.76578E-2 2.3507E-2 2.94441E-2 9.03401E-3 6.72362E-3 7.58789E-3
6.78617E-5 6.83664E-5 8.05237E-5 1.004E-4 1.66322E-4 2.27986E-4 2.97567E-4 4.04675E-4 3.74056E-4 6.01048E-4 4.18816E-4 2.45712E-4 3.04632E-4 2.85342E-4 3.01895E-4 4.64048E-4 4.96794E-4 5.15576E-4 5.79676E-4 7.15553E-4 8.14209E-4 6.76591E-4 8.60372E-4 1.26584E-3 1.42127E-3 1.83155E-3 2.61525E-3 3.73864E-3 4.91127E-3 6.58335E-3 1.3627E-2 1.87438E-2 1.42003E-2 1.55098E-2 1.41311E-2 9.95296E-3 1.14386E-2 2.10629E-2 2.85492E-1 4.04754E-1 5.48995E-1 6.67811E-1 6.45834E-1 3.73912E-1 3.15046E-1 3.01614E-1 1.3346E-1 1.20907E-1 1.16636E-1 1.18217E-1 1.30156E-1 1.36338E-1 6.3121E-2 7.50924E-2 9.19086E-2 9.17742E-2 1.14203E-1 1.09988E-1 4.15312E-2 2.97534E-2 2.97435E-2 2.9716E-2 4.52331E-2 9.82019E-2 2.22706E-2 3.24392E-2 9.35793E-3 6.50195E-3 5.29017E-3
5.9521E-5 6.38268E-5 7.05636E-5 7.82105E-5 1.11925E-4 1.30592E-4 2.00561E-4 2.6648E-4 3.56276E-4 4.92873E-4 4.78112E-4 2.49926E-4 1.86615E-4 1.8608E-4 2.61538E-4 4.07372E-4 4.10334E-4 4.36941E-4 5.1579E-4 6.4036E-4 6.93104E-4 8.11018E-4 7.42488E-4 1.03278E-3 1.18818E-3 1.50807E-3 2.21786E-3 3.28583E-3 4.52138E-3 6.50146E-3 1.01968E-2 2.36213E-2 1.19673E-2 1.21789E-2 1.09458E-2 7.56313E-3 1.09973E-2 2.27681E-2 1.52048E-1 4.06012E-1 6.00621E-1 6.54763E-1 6.44171E-1 3.46506E-1 2.22977E-1 2.0281E-1 1.54235E-1 1.20931E-1 1.14374E-1 1.14E-1 1.04272E-1 1.24422E-1 9.8875E-2 8.14575E-2 9.59862E-2 1.00698E-1 9.608E-2 9.99862E-2 5.96547E-2 4.19923E-2 3.5936E-2 3.31957E-2 3.21888E-2 2.86128E-2 1.99403E-2 1.68992E-2 7.42402E-3 6.53724E-3 5.46938E-3
3.9204E-5 4.28499E-5 4.68472E-5 6.12309E-5 9.50627E-5 7.6232E-5 1.14907E-4 1.67921E-4 2.55659E-4 3.11414E-4 4.84401E-4 3.63476E-4 3.82342E-4 2.53912E-4 2.60484E-4 3.50976E-4 2.6099E-4 2.90698E-4 3.38438E-4 3.99928E-4 4.67033E-4 5.45698E-4 6.82637E-4 9.47841E-4 1.01964E-3 1.27961E-3 1.91739E-3 2.71866E-3 4.26826E-3 6.06118E-3 8.49518E-3 1.39687E-2 1.65172E-2 9.1938E-3 9.28499E-3 8.6742E-3 2.19907E-2 2.87759E-2 3.8202E-1 3.53685E-1 4.9582E-1 6.27163E-1 4.66602E-1 3.02835E-1 2.02657E-1 1.4945E-1 1.3882E-1 1.18278E-1 1.18616E-1 1.23615E-1 1.06904E-1 1.1437E-1 1.17075E-1 8.57252E-2 9.40283E-2 9.85744E-2 1.00107E-1 4.94288E-2 4.67304E-2 3.93322E-2 4.03228E-2 6.21695E-2 7.66801E-2 3.15426E-2 1.01045E-1 3.84692E-2 6.63783E-3 5.87362E-3 5.2951E-3
3.00607E-5 2.67211E-5 3.26027E-5 3.50823E-5 4.72513E-5 5.10631E-5 6.61412E-5 1.05319E-4 1.21545E-4 1.41779E-4 1.52836E-4 2.59716E-4 2.014E-4 2.29827E-4 2.19569E-4 2.10458E-4 1.65562E-4 2.75027E-4 3.17998E-4 3.89955E-4 4.64123E-4 5.89276E-4 7.04224E-4 7.29589E-4 8.43799E-4 1.13288E-3 1.6118E-3 2.3845E-3 3.51194E-3 5.21291E-3 8.23234E-3 1.2896E-2 2.36073E-2 1.90538E-2 7.13753E-3 1.23027E-2 6.91403E-2 1.77705E-1 3.86142E-1 1.03917E-1 4.98478E-1 4.69134E-1 3.31219E-1 2.27673E-1 2.00331E-1 1.14117E-1 1.45315E-1 1.44729E-1 1.37809E-1 1.29092E-1 9.07581E-2 9.94291E-2 8.8483E-2 8.56635E-2 9.29041E-2 9.08388E-2 8.20227E-2 3.57879E-2 3.39473E-2 3.27993E-2 3.87629E-2 4.95033E-2 1.12797E-1 4.47821E-2 1.68784E-1 1.26182E-1 5.70047E-3 5.37169E-3 5.58719E-3
