Pheucticus_aureoventris.asc
ncols         403
nrows         159
xllcorner     -92.0
yllcorner     -4.958333333333
cellsize      0.041666666667
NODATA_value  -9999
[rows 124 to 154 of 159, columns 276 to 344 of 403]
-9999 -9999 -9999 -9999 -9999 -9999 -9999 4.79096E-5 3.89049E-5 2.43502E-5 1.44422E-5 1.43283E-5 1.72973E-5 2.08705E-5 2.66264E-5 3.48877E-5 1.30793E-4 7.20002E-4 5.36793E-3 3.0489E-2 3.38475E-2 3.29264E-2 8.14571E-2 8.54948E-2 1.25641E-1 1.21849E-1 1.13044E-1 1.19439E-1 2.87588E-2 2.87064E-2 2.11752E-1 2.12899E-1 2.98692E-1 3.47036E-1 2.00072E-1 2.65658E-1 1.84454E-1 3.57491E-2 1.44715E-1 2.39311E-1 2.12354E-1 1.90157E-1 4.05039E-2 8.84356E-3 8.0605E-3 3.29612E-3 1.00224E-3 1.34093E-3 3.7268E-3 6.15308E-3 5.96192E-2 4.4309E-2 -9999 -9999 1.28504E-2 -9999 5.89932E-3 -9999 -9999 -9999 -9999 -9999 -9999 -9999 -9999 -9999 -9999 -9999 -9999
-9999 -9999 -9999 -9999 -9999 -9999 -9999 5.32211E-5 3.38867E-5 2.24807E-5 1.57257E-5 1.57337E-5 2.06473E-5 2.34218E-5 4.18417E-5 2.18957E-4 3.64479E-4 1.03308E-2 2.76078E-2 2.84511E-2 2.19486E-2 2.60428E-2 4.98284E-2 4.83413E-2 8.30734E-2 1.1047E-1 1.37104E-1 1.18041E-1 9.21761E-2 1.70435E-1 2.05729E-1 1.96247E-1 2.21888E-1 2.05675E-1 1.41111E-1 2.61357E-1 2.45249E-1 9.38356E-3 8.1528E-2 1.87443E-1 1.73753E-1 1.77093E-1 2.3947E-2 3.88001E-3 6.85833E-3 1.87493E-3 7.25802E-4 1.11686E-3 1.74364E-3 6.24397E-3 5.09822E-2 9.25993E-3 -9999 -9999 -9999 -9999 -9999 -9999 -9999 -9999 -9999 -9999 -9999 -9999 -9999 -9999 -9999 -9999 -9999
-9999 -9999 -9999 -9999 -9999 -9999 -9999 4.39178E-5 3.84318E-5 2.49771E-5 2.27941E-5 1.94784E-5 2.36345E-5 2.75844E-5 4.07278E-5 9.35362E-5 3.33633E-4 2.19878E-3 2.5505E-2 1.34869E-2 5.19609E-3 1.5977E-2 1.4686E-2 2.10462E-2 3.78059E-2 7.69849E-2 7.88661E-2 1.26067E-1 1.30088E-1 1.62603E-1 1.78537E-1 2.16985E-1 2.5369E-1 1.59456E-1 1.4559E-1 2.17214E-1 7.10076E-2 5.86403E-3 7.84627E-2 1.78514E-1 1.38834E-1 6.17963E-2 1.30919E-2 4.75563E-3 2.98536E-2 1.66836E-3 5.54022E-4 1.19055E-3 4.2567E-3 1.44365E-2 3.87708E-2 2.58619E-3 -9999 -9999 -9999 -9999 -9999 -9999 -9999 -9999 -9999 -9999 -9999 -9999 -9999 -9999 -9999 -9999 -9999
-9999 -9999 -9999 -9999 -9999 -9999 -9999 -9999 3.12523E-5 2.62284E-5 2.04121E-5 1.82566E-5 1.61538E-5 2.11115E-5 2.70405E-5 3.5064E-5 8.16978E-5 3.6392E-4 2.85652E-3 8.28834E-3 7.96593E-4 5.96987E-3 3.95531E-3 9.64506E-3 4.22642E-2 5.29976E-2 7.01872E-2 1.34852E-1 1.23219E-1 1.30366E-1 1.37806E-1 1.76216E-1 1.78759E-1 1.34449E-1 1.76755E-1 1.64709E-1 7.26626E-3 3.15343E-3 1.02429E-2 8.07985E-2 5.70933E-2 2.40924E-2 2.02618E-2 7.54522E-3 2.70944E-2 1.35488E-3 6.94847E-4 4.01175E-3 6.2864E-3 2.94014E-2 3.11515E-2 2.93198E-3 -9999 -9999 -9999 -9999 -9999 -9999 -9999 -9999 -9999 -9999 -9999 -9999 -9999 -9999 -9999 -9999 -9999
-9999 -9999 -9999 -9999 -9999 -9999 -9999 4.49087E-5 3.95294E-5 2.24598E-5 2.24734E-5 2.59528E-5 3.82134E-5 8.03554E-5 3.41944E-5 5.90161E-5 2.58373E-4 1.53541E-3 2.11059E-3 1.87485E-3 4.18753E-4 5.7507E-4 7.12814E-4 6.11478E-3 1.5899E-2 2.94773E-2 6.50812E-2 7.44546E-2 1.1928E-1 1.14946E-1 1.21495E-1 1.37874E-1 1.28898E-1 1.21629E-1 1.60191E-1 1.46263E-1 7.04508E-2 1.41802E-2 3.45466E-3 2.88138E-2 7.46717E-3 2.63982E-3 4.27505E-3 1.42952E-2 3.44711E-2 1.47656E-3 9.90501E-4 4.97383E-3 1.45679E-2 3.48444E-2 3.91963E-2 2.28592E-3 -9999 -9999 -9999 -9999 -9999 -9999 -9999 -9999 -9999 -9999 -9999 -9999 -9999 -9999 -9999 -9999 -9999
-9999 -9999 -9999 -9999 -9999 -9999 -9999 -9999 5.11485E-5 3.65228E-5 3.95779E-5 6.72853E-5 3.91577E-4 2.7552E-4 1.04167E-4 3.02663E-4 8.68716E-4 3.6152E-3 2.21331E-3 8.29477E-4 4.92453E-4 3.68331E-4 6.16847E-4 4.7374E-3 2.02996E-2 4.64687E-2 6.65685E-2 9.35808E-2 1.12742E-1 9.61748E-2 1.03307E-1 1.20944E-1 1.18196E-1 1.1978E-1 1.28525E-1 1.31059E-1 1.36933E-1 5.05383E-2 3.27694E-3 7.30001E-3 1.19111E-2 1.42981E-3 1.188E-3 3.21438E-3 5.49773E-3 9.52246E-4 1.29574E-3 1.74972E-2 2.15387E-2 4.62588E-2 2.92823E-2 -9999 -9999 -9999 -9999 -9999 -9999 -9999 -9999 -9999 -9999 -9999 -9999 -9999 -9999 -9999 -9999 -9999 -9999
-9999 -9999 -9999 -9999 -9999 -9999 -9999 9.97853E-5 9.2321E-5 7.29231E-5 7.30563E-5 8.62458E-5 3.87875E-4 2.84831E-4 2.97261E-4 3.24303E-4 1.15786E-3 2.83185E-3 1.78608E-3 6.88639E-4 3.22676E-4 3.78024E-4 8.07877E-4 1.30523E-3 6.97074E-3 2.81802E-2 7.2813E-2 7.23969E-2 8.80726E-2 9.43624E-2 1.40533E-1 1.1458E-1 9.67849E-2 1.2534E-1 1.10884E-1 1.50569E-1 1.52562E-1 1.48059E-2 1.91163E-3 7.15973E-3 9.6759E-3 1.38773E-3 7.16448E-4 9.14046E-4 8.572E-4 1.06112E-3 4.80515E-3 1.18839E-2 2.79682E-2 3.59884E-2 1.26279E-2 -9999 -9999 -9999 -9999 -9999 -9999 -9999 -9999 -9999 -9999 -9999 -9999 -9999 -9999 -9999 -9999 -9999 -9999
-9999 -9999 -9999 -9999 -9999 -9999 -9999 -9999 1.50366E-4 1.05022E-4 1.4769E-4 3.17012E-4 5.72244E-4 3.83174E-4 3.24529E-4 4.26836E-4 1.00257E-3 1.07491E-3 9.6406E-4 4.51437E-4 8.23849E-4 7.42378E-4 6.47051E-4 1.26139E-3 4.78021E-3 1.11602E-2 4.80041E-2 6.25123E-2 8.97183E-2 8.88724E-2 1.08218E-1 1.30678E-1 1.04731E-1 1.13138E-1 1.16838E-1 1.14249E-1 1.06377E-1 4.32988E-2 2.05211E-3 9.82869E-3 5.37532E-3 1.07632E-3 1.13876E-3 1.14126E-3 6.68045E-3 6.55077E-3 8.80592E-3 1.3206E-2 5.79196E-2 5.65027E-2 3.32425E-3 -9999 -9999 -9999 -9999 -9999 -9999 -9999 -9999 -9999 -9999 -9999 -9999 -9999 -9999 -9999 -9999 -9999 -9999
-9999 -9999 -9999 -9999 -9999 -9999 -9999 -9999 4.20952E-4 4.05061E-4 4.68372E-4 3.63366E-4 4.87067E-4 9.38881E-4 1.22092E-3 1.21617E-3 4.70859E-4 8.63721E-4 6.60372E-4 8.04156E-4 8.034E-4 7.76791E-4 1.34128E-3 1.36678E-2 1.33639E-2 3.39755E-2 3.09573E-2 5.90103E-2 6.99298E-2 7.60922E-2 1.11905E-1 1.30767E-1 1.15063E-1 2.32173E-1 2.1226E-1 1.37572E-1 9.71111E-2 8.09124E-3 1.40637E-3 4.20442E-3 7.24164E-3 1.30629E-3 2.14182E-3 8.28716E-4 6.22216E-3 8.16153E-3 9.78679E-3 2.15747E-2 9.87992E-2 6.58736E-2 -9999 -9999 -9999 -9999 -9999 -9999 -9999 -9999 -9999 -9999 -9999 -9999 -9999 -9999 -9999 -9999 -9999 -9999 -9999
-9999 -9999 -9999 -9999 -9999 -9999 -9999 -9999 3.36138E-4 3.08906E-4 3.16665E-4 7.53556E-4 1.1264E-3 1.75212E-3 5.53666E-3 4.87423E-3 2.8737E-3 5.29877E-3 1.91884E-3 4.73593E-3 4.68006E-3 2.23651E-3 1.61309E-3 3.75173E-3 3.68491E-2 3.53761E-2 9.24296E-3 4.73017E-2 4.58849E-2 7.05587E-2 1.09874E-1 1.19098E-1 1.16849E-1 1.4139E-1 1.11261E-1 1.44474E-1 9.69522E-2 4.17458E-2 1.95225E-3 1.66178E-3 1.11425E-3 8.28335E-4 2.91341E-3 6.93241E-4 4.42472E-3 1.33496E-2 1.90133E-2 3.80899E-2 8.8797E-2 -9999 -9999 -9999 -9999 -9999 -9999 -9999 -9999 -9999 -9999 -9999 -9999 -9999 -9999 -9999 -9999 -9999 -9999 -9999 -9999
-9999 -9999 -9999 -9999 -9999 -9999 -9999 2.68413E-4 3.80456E-4 5.1125E-4 1.54309E-3 1.77434E-3 7.07709E-3 3.10168E-3 2.90862E-3 1.04821E-2 3.63019E-2 4.1386E-2 2.71626E-2 1.59211E-2 8.96654E-3 7.45326E-3 4.43749E-3 3.03751E-3 2.22641E-2 1.20894E-2 1.65909E-3 1.45468E-2 1.21911E-2 6.77631E-2 1.41383E-1 9.35162E-2 1.1321E-1 9.93111E-2 1.30115E-1 1.41032E-1 9.45532E-2 5.78228E-2 2.31517E-3 1.39219E-3 2.82266E-3 7.31432E-3 1.2731E-3 5.92144E-4 1.21403E-3 1.25244E-2 2.18955E-2 5.61397E-2 -9999 -9999 -9999 -9999 -9999 -9999 -9999 -9999 -9999 -9999 -9999 -9999 -9999 -9999 -9999 -9999 -9999 -9999 -9999 -9999 -9999
-9999 -9999 -9999 -9999 -9999 -9999 2.73696E-4 1.1486E-3 2.59944E-3 3.41488E-3 4.51078E-3 2.95514E-3 6.78363E-3 1.20156E-2 1.73243E-2 3.79161E-2 4.06149E-2 1.59924E-2 1.73637E-2 4.29921E-3 1.72732E-3 7.62193E-3 8.37625E-3 8.33732E-3 1.28091E-2 4.45714E-3 5.69323E-4 5.04608E-4 1.19866E-2 6.05798E-2 1.24117E-1 1.50437E-1 9.73931E-2 8.24034E-2 9.97227E-2 6.73115E-2 1.11584E-1 7.70974E-2 7.06675E-3 8.94751E-4 3.42266E-3 1.1728E-2 5.3803E-3 6.72416E-4 7.46158E-4 2.47015E-3 2.51609E-2 2.38247E-2 -9999 -9999 -9999 -9999 -9999 -9999 -9999 -9999 -9999 -9999 -9999 -9999 -9999 -9999 -9999 -9999 -9999 -9999 -9999 -9999 -9999
-9999 9.32706E-5 1.30173E-4 3.22228E-4 1.67948E-4 2.19927E-4 4.88547E-4 6.61543E-4 1.94487E-3 2.02945E-3 2.33224E-3 6.01059E-3 1.15106E-2 3.97519E-2 2.85533E-2 3.13653E-2 2.16404E-2 1.82873E-3 3.71086E-4 3.98182E-4 4.55228E-3 8.82409E-3 2.71982E-3 1.41553E-3 6.58059E-4 1.0687E-3 5.19131E-4 4.63032E-4 5.59299E-3 4.98601E-2 7.26267E-2 9.96503E-2 8.20304E-2 1.00773E-1 1.06436E-1 2.2459E-2 2.35754E-2 1.45927E-2 2.00808E-3 4.67362E-3 2.80271E-3 1.60339E-2 5.70014E-3 8.88475E-4 6.56497E-4 3.2732E-3 1.24902E-2 -9999 -9999 -9999 -9999 -9999 -9999 -9999 -9999 -9999 -9999 -9999 -9999 -9999 -9999 -9999 -9999 -9999 -9999 -9999 -9999 -9999 -9999
-9999 1.43809E-4 9.53116E-4 8.19775E-4 2.90216E-4 1.95798E-4 2.81338E-4 7.39224E-4 1.12048E-3 1.10866E-3 2.38519E-3 8.14186E-3 2.85174E-2 2.5141E-2 4.02203E-2 3.68431E-2 2.8884E-3 3.61978E-4 7.38477E-4 1.92401E-3 1.07951E-2 8.11331E-3 7.48142E-4 5.62823E-4 5.04757E-3 2.2351E-3 9.60026E-4 5.73847E-4 3.57192E-3 3.78993E-2 5.84796E-2 5.68858E-2 7.41316E-2 8.49136E-2 7.96298E-2 4.15298E-2 2.76882E-3 1.4545E-3 2.26043E-3 1.80769E-2 1.11204E-2 4.16359E-2 1.07574E-2 1.14835E-3 7.14082E-4 1.44387E-3 7.09871E-3 -9999 -9999 -9999 -9999 -9999 -9999 -9999 -9999 -9999 -9999 -9999 -9999 -9999 -9999 -9999 -9999 -9999 -9999 -9999 -9999 -9999 -9999
-9999 2.22271E-4 4.82443E-4 9.55515E-4 3.90718E-4 3.15284E-4 4.15522E-4 6.93066E-4 9.42511E-4 1.50447E-3 2.22458E-2 3.62246E-2 5.23247E-2 3.98169E-2 1.60741E-2 2.9739E-3 3.87817E-4 2.22833E-3 1.13156E-2 1.09792E-2 7.92223E-3 8.68675E-4 2.87053E-4 5.13978E-4 5.79215E-3 2.87514E-3 2.68774E-3 6.64371E-4 1.94523E-3 4.43021E-2 5.62165E-2 5.69338E-2 6.56691E-2 6.59361E-2 1.13532E-1 6.49371E-2 7.15917E-3 1.77941E-3 1.87678E-2 5.57902E-2 3.18143E-2 5.14254E-2 3.34953E-2 2.28142E-3 7.34938E-4 1.65101E-3 -9999 -9999 -9999 -9999 -9999 -9999 -9999 -9999 -9999 -9999 -9999 -9999 -9999 -9999 -9999 -9999 -9999 -9999 -9999 -9999 -9999 -9999 -9999
-9999 1.12704E-4 2.21951E-4 4.16645E-4 3.06734E-4 3.34744E-4 3.52044E-4 3.03756E-4 3.62843E-4 1.60419E-3 5.48899E-3 5.04678E-3 2.22038E-2 7.03857E-3 4.18986E-3 9.03347E-4 1.16832E-3 1.12483E-3 4.69663E-4 4.16693E-3 1.13438E-2 3.39325E-4 3.45039E-4 1.01568E-3 2.22543E-3 1.47633E-2 2.07923E-2 1.67408E-3 2.07673E-3 3.08034E-2 5.09491E-2 5.37877E-2 6.40846E-2 9.47724E-2 7.85672E-2 1.89417E-2 6.98907E-3 2.08728E-3 3.28963E-2 4.7467E-2 3.75598E-2 4.9783E-2 2.91111E-2 4.43783E-3 9.50274E-4 2.00142E-3 -9999 -9999 -9999 -9999 -9999 -9999 -9999 -9999 -9999 -9999 -9999 -9999 -9999 -9999 -9999 -9999 -9999 -9999 -9999 -9999 -9999 -9999 -9999
-9999 1.45622E-4 1.60212E-4 2.17846E-4 2.10183E-4 2.12505E-4 2.12404E-4 2.38703E-4 5.14923E-4 7.86426E-4 2.0182E-3 1.16685E-3 3.09231E-3 1.85588E-3 2.10057E-3 2.01401E-3 3.07646E-3 1.24514E-2 1.21639E-2 7.66582E-4 5.54267E-4 2.75246E-4 5.47227E-4 7.1018E-3 3.21473E-2 4.3016E-2 4.96759E-2 1.53036E-2 2.00682E-3 5.30459E-3 1.4261E-2 4.74528E-2 5.91958E-2 8.87129E-2 8.46877E-2 7.36005E-2 2.75256E-2 4.4293E-3 3.92707E-2 4.47804E-2 2.24276E-2 1.47719E-2 8.67971E-3 5.03298E-3 1.20492E-3 1.98351E-3 -9999 -9999 -9999 -9999 -9999 -9999 -9999 -9999 -9999 -9999 -9999 -9999 -9999 -9999 -9999 -9999 -9999 -9999 -9999 -9999 -9999 -9999 -9999
-9999 -9999 -9999 -9999 1.90445E-4 1.56072E-4 1.40333E-4 2.0692E-4 3.33928E-4 5.68192E-4 3.6842E-4 2.45898E-4 5.699E-4 5.62609E-4 1.68676E-3 2.32324E-3 2.71343E-3 5.52372E-3 1.51753E-2 7.26351E-3 5.4944E-3 1.35578E-3 5.64081E-4 1.14108E-2 2.82102E-2 3.29274E-2 5.7947E-2 3.9648E-2 4.13943E-3 2.3329E-3 3.58116E-3 3.73303E-2 5.06709E-2 7.94895E-2 1.16735E-1 1.06571E-1 6.59336E-2 1.5938E-2 5.09289E-2 3.61565E-2 1.2044E-2 3.19817E-3 4.36674E-3 3.45323E-3 1.46542E-3 2.17531E-3 -9999 -9999 -9999 -9999 -9999 -9999 -9999 -9999 -9999 -9999 -9999 -9999 -9999 -9999 -9999 -9999 -9999 -9999 -9999 -9999 -9999 -9999 -9999
-9999 -9999 -9999 1.07265E-4 1.18613E-4 9.23128E-5 9.14573E-5 1.10417E-4 1.18587E-4 1.26178E-4 1.35969E-4 1.22401E-3 4.55754E-3 4.63696E-4 9.28904E-3 3.64995E-2 7.13611E-3 4.24083E-3 1.63109E-2 5.65434E-2 1.63065E-2 2.88822E-3 2.07766E-3 6.51402E-3 6.70518E-3 2.93848E-2 4.66866E-2 4.60219E-2 1.84445E-2 4.0271E-3 6.93051E-3 2.34962E-2 4.63384E-2 7.9193E-2 8.98102E-2 1.02916E-1 7.15805E-2 5.58373E-2 4.9459E-2 3.81021E-2 1.17925E-2 7.35599E-3 1.50248E-3 2.6718E-3 1.18153E-3 2.00708E-3 -9999 -9999 -9999 -9999 -9999 -9999 -9999 -9999 -9999 -9999 -9999 -9999 -9999 -9999 -9999 -9999 -9999 -9999 -9999 -9999 -9999 -9999 -9999
-9999 -9999 5.96724E-5 6.91184E-5 4.89941E-5 5.88822E-5 5.39638E-5 6.77228E-5 -9999 -9999 -9999 3.70467E-4 7.1305E-4 1.40593E-3 1.76224E-2 6.91205E-2 1.6416E-2 9.89061E-3 2.00676E-2 7.76885E-2 1.24559E-2 5.37855E-3 8.18392E-3 2.6334E-2 3.26281E-3 4.19773E-3 5.97543E-3 3.85345E-2 4.32347E-2 1.07377E-2 8.59002E-3 2.40282E-2 3.9988E-2 7.71478E-2 7.12914E-2 8.39228E-2 1.02383E-1 8.52135E-2 3.96882E-2 3.33314E-2 2.59484E-2 9.0296E-3 1.72031E-3 1.1316E-3 8.3675E-4 -9999 -9999 -9999 -9999 -9999 -9999 -9999 -9999 -9999 -9999 -9999 -9999 -9999 -9999 -9999 -9999 -9999 -9999 -9999 -9999 -9999 -9999 -9999 -9999
-9999 -9999 3.36557E-5 2.47703E-5 2.89594E-5 2.7316E-5 3.24352E-5 -9999 -9999 -9999 -9999 -9999 1.31023E-4 2.83047E-4 1.24334E-3 9.41611E-4 8.69333E-4 1.06913E-2 7.45681E-2 8.87176E-2 1.17521E-2 1.25801E-2 1.88668E-1 2.09076E-2 2.63557E-3 1.33396E-3 3.5744E-3 3.40213E-2 4.94343E-2 4.13628E-2 1.55762E-2 2.22838E-2 3.73154E-2 5.87176E-2 5.82737E-2 6.1981E-2 8.3845E-2 6.87336E-2 1.44701E-2 1.0994E-2 2.52444E-2 7.10864E-3 1.46777E-3 9.36184E-4 7.42153E-4 -9999 -9999 -9999 -9999 -9999 -9999 -9999 -9999 -9999 -9999 -9999 -9999 -9999 -9999 -9999 -9999 -9999 -9999 -9999 -9999 -9999 -9999 -9999 -9999
-9999 2.48513E-5 1.8051E-5 1.50783E-5 1.72584E-5 1.30144E-5 -9999 -9999 -9999 -9999 -9999 -9999 -9999 -9999 -9999 2.94292E-4 5.38411E-4 1.29787E-3 2.49591E-2 1.20883E-2 2.42536E-3 4.91069E-3 1.04265E-2 4.54133E-3 1.12614E-3 6.57582E-4 2.79041E-3 4.22635E-2 5.19598E-2 3.66736E-2 3.07846E-2 2.44618E-2 3.01146E-2 6.11884E-2 4.14387E-2 6.10958E-2 7.13789E-2 5.45727E-2 2.58781E-2 5.19158E-3 1.26694E-2 2.09052E-3 2.15438E-3 1.41631E-3 1.0176E-3 -9999 -9999 -9999 -9999 -9999 -9999 -9999 -9999 -9999 -9999 -9999 -9999 -9999 -9999 -9999 -9999 -9999 -9999 -9999 -9999 -9999 -9999 -9999 -9999
-9999 1.69629E-5 1.46788E-5 9.72897E-6 1.24058E-5 -9999 -9999 -9999 -9999 -9999 -9999 -9999 -9999 -9999 -9999 -9999 1.5643E-3 1.31165E-2 1.27003E-2 1.40571E-3 -9999 4.99558E-4 5.6766E-3 5.5681E-3 5.20811E-4 1.12044E-3 5.24134E-3 5.00071E-2 3.03043E-2 3.32776E-2 3.34323E-2 2.82639E-2 3.59277E-2 4.62949E-2 3.01566E-2 5.48288E-2 5.51933E-2 5.23006E-2 1.11675E-2 9.93921E-3 2.83997E-3 2.31818E-3 9.10182E-3 3.17572E-3 1.31094E-3 -9999 -9999 -9999 -9999 -9999 -9999 -9999 -9999 -9999 -9999 -9999 -9999 -9999 -9999 -9999 -9999 -9999 -9999 -9999 -9999 -9999 -9999 -9999 -9999
-9999 -9999 -9999 -9999 -9999 -9999 -9999 -9999 -9999 -9999 -9999 -9999 -9999 -9999 -9999 -9999 2.99068E-4 8.49469E-4 -9999 -9999 -9999 -9999 8.95321E-4 4.41084E-3 8.39053E-4 1.76106E-3 1.27324E-2 5.23628E-2 3.11223E-2 4.66158E-2 4.06936E-2 5.15113E-2 3.80699E-2 2.53116E-2 1.75808E-2 5.01873E-2 2.50326E-2 6.30192E-2 4.47485E-2 2.44242E-2 5.69419E-3 6.15119E-3 6.04818E-3 2.35341E-3 1.65389E-3 -9999 -9999 -9999 -9999 -9999 -9999 -9999 -9999 -9999 -9999 -9999 -9999 -9999 -9999 -9999 -9999 -9999 -9999 -9999 -9999 -9999 -9999 -9999 -9999
-9999 -9999 -9999 -9999 -9999 -9999 -9999 -9999 -9999 -9999 -9999 -9999 -9999 -9999 -9999 -9999 -9999 -9999 -9999 -9999 -9999 -9999 -9999 8.20969E-4 1.53548E-3 8.13808E-3 2.43011E-2 5.57315E-2 3.24176E-2 2.89803E-2 3.82644E-2 5.25734E-2 2.2639E-2 1.97041E-2 8.73315E-3 1.21392E-2 3.02204E-2 6.63925E-2 4.0224E-2 8.7743E-3 9.00064E-3 2.10473E-2 1.55253E-2 3.00142E-3 4.28613E-3 -9999 -9999 -9999 -9999 -9999 -9999 -9999 -9999 -9999 -9999 -9999 -9999 -9999 -9999 -9999 -9999 -9999 -9999 -9999 -9999 -9999 -9999 -9999 -9999
-9999 -9999 -9999 -9999 -9999 -9999 -9999 -9999 -9999 -9999 -9999 -9999 -9999 -9999 -9999 -9999 -9999 -9999 -9999 -9999 -9999 -9999 -9999 -9999 -9999 2.34433E-2 4.68352E-2 3.85365E-2 3.24663E-2 2.92033E-2 3.01217E-2 3.18874E-2 1.51825E-2 4.39148E-3 7.57215E-3 1.34039E-2 3.72493E-2 3.76909E-2 2.8923E-2 1.0312E-2 2.43464E-2 3.84766E-2 1.88098E-2 8.05564E-3 -9999 -9999 -9999 -9999 -9999 -9999 -9999 -9999 -9999 -9999 -9999 -9999 -9999 -9999 -9999 -9999 -9999 -9999 -9999 -9999 -9999 -9999 -9999 -9999 -9999
-9999 -9999 -9999 -9999 -9999 -9999 -9999 -9999 -9999 -9999 -9999 -9999 -9999 -9999 -9999 -9999 -9999 -9999 -9999 -9999 -9999 -9999 -9999 -9999 1.37076E-2 2.44022E-2 5.25421E-2 3.84509E-2 2.58081E-2 3.53787E-2 2.94096E-2 1.02455E-2 5.78848E-3 1.87935E-3 1.44156E-2 1.53031E-2 1.23783E-2 1.83166E-2 3.5725E-2 3.19071E-2 4.91961E-2 6.32417E-2 2.87563E-2 -9999 -9999 -9999 -9999 -9999 -9999 -9999 -9999 -9999 -9999 -9999 -9999 -9999 -9999 -9999 -9999 -9999 -9999 -9999 -9999 -9999 -9999 -9999 -9999 -9999 -9999
-9999 -9999 -9999 -9999 -9999 -9999 -9999 -9999 -9999 -9999 -9999 -9999 -9999 -9999 -9999 -9999 -9999 -9999 -9999 -9999 -9999 -9999 -9999 -9999 -9999 2.22822E-1 3.76535E-2 3.53464E-2 5.69753E-2 3.39961E-2 2.69293E-2 2.47657E-2 2.70664E-3 1.11394E-3 8.64081E-3 3.42081E-3 1.85707E-2 2.4027E-2 4.99475E-2 7.02497E-2 5.27376E-2 4.31318E-2 1.83855E-2 -9999 -9999 -9999 -9999 -9999 -9999 -9999 -9999 -9999 -9999 -9999 -9999 -9999 -9999 -9999 -9999 -9999 -9999 -9999 -9999 -9999 -9999 -9999 -9999 -9999 -9999
-9999 -9999 -9999 -9999 -9999 -9999 -9999 -9999 -9999 -9999 -9999 -9999 -9999 -9999 -9999 -9999 -9999 -9999 -9999 -9999 -9999 -9999 -9999 -9999 -9999 4.0954E-2 3.8193E-2 3.85085E-2 3.77119E-2 4.53725E-2 3.61967E-2 2.38876E-2 2.89249E-3 9.04568E-4 1.84974E-3 7.77159E-3 3.15249E-2 5.88763E-2 7.1245E-2 7.51176E-2 -9999 -9999 -9999 -9999 -9999 -9999 -9999 -9999 -9999 -9999 -9999 -9999 -9999 -9999 -9999 -9999 -9999 -9999 -9999 -9999 -9999 -9999 -9999 -9999 -9999 -9999 -9999 -9999 -9999
-9999 -9999 -9999 -9999 -9999 -9999 -9999 -9999 -9999 -9999 -9999 -9999 -9999 -9999 -9999 -9999 -9999 -9999 -9999 -9999 -9999 -9999 -9999 -9999 -9999 -9999 3.59594E-2 4.04355E-2 3.9442E-2 3.56809E-2 2.96514E-2 1.35984E-2 1.98512E-3 6.70548E-4 5.01225E-3 2.39732E-2 4.76294E-2 5.5134E-2 7.48035E-2 -9999 -9999 -9999 -9999 -9999 -9999 -9999 -9999 -9999 -9999 -9999 -9999 -9999 -9999 -9999 -9999 -9999 -9999 -9999 -9999 -9999 -9999 -9999 -9999 -9999 -9999 -9999 -9999 -9999 -9999
-9999 -9999 -9999 -9999 -9999 -9999 -9999 -9999 -9999 -9999 -9999 -9999 -9999 -9999 -9999 -9999 -9999 -9999 -9999 -9999 -9999 -9999 -9999 -9999 -9999 -9999 4.06267E-2 4.28416E-2 4.30545E-2 5.15507E-2 2.72768E-2 8.449E-3 4.19141E-3 8.92359E-4 2.05207E-3 8.01131E-3 4.96496E-2 7.74439E-2 -9999 -9999 -9999 -9999 -9999 -9999 -9999 -9999 -9999 -9999 -9999 -9999 -9999 -9999 -9999 -9999 -9999 -9999 -9999 -9999 -9999 -9999 -9999 -9999 -9999 -9999 -9999 -9999 -9999 -9999 -9999
