Pheucticus_aureoventris.asc
ncols         403
nrows         159
xllcorner     -92.0
yllcorner     -4.958333333333
cellsize      0.041666666667
NODATA_value  -9999
[rows 31 to 61 of 159, columns 276 to 344 of 403]
-9999 -9999 -9999 -9999 -9999 -9999 -9999 -9999 -9999 -9999 -9999 4.25174E-5 5.14118E-5 7.11045E-5 8.3035E-5 1.03002E-4 2.7089E-4 3.12252E-4 5.02242E-4 4.9275E-4 2.57282E-4 1.77927E-4 1.45535E-4 1.58783E-4 1.58846E-4 1.95822E-4 2.21327E-4 1.8889E-4 1.92901E-4 1.96328E-4 1.98241E-4 1.94098E-4 1.83993E-4 1.75134E-4 1.6923E-4 1.79152E-4 9.39004E-4 3.19092E-3 1.13546E-2 6.71996E-2 7.66728E-2 6.59241E-2 6.17539E-2 1.07217E-1 1.10884E-1 8.54349E-2 7.52053E-2 6.03229E-2 9.96713E-2 1.4939E-1 1.92942E-1 3.61174E-1 2.91653E-1 2.83759E-1 3.59569E-1 4.12736E-1 4.59124E-1 3.88211E-1 2.14351E-1 2.98142E-1 3.30632E-1 4.88943E-1 2.46575E-1 1.22688E-1 1.0862E-1 6.32071E-2 6.37014E-2 5.29336E-2 3.64264E-2
-9999 -9999 -9999 -9999 -9999 -9999 -9999 -9999 -9999 -9999 -9999 4.80125E-5 5.34409E-5 7.09214E-5 7.91509E-5 9.01229E-5 2.07722E-4 4.35693E-4 7.03899E-4 3.19245E-4 2.08666E-4 2.01674E-4 2.32435E-4 3.26635E-4 2.94058E-4 3.55729E-4 3.7159E-4 3.43588E-4 3.07384E-4 2.68024E-4 2.47838E-4 2.34835E-4 2.14842E-4 1.98063E-4 1.94626E-4 2.95885E-4 4.41732E-4 8.83105E-4 1.7752E-2 1.6077E-2 3.19544E-2 2.91106E-2 4.39392E-2 4.84627E-2 5.84562E-2 4.25858E-2 2.92252E-2 9.76536E-2 1.11999E-1 1.14585E-1 2.50057E-1 2.908E-1 2.17764E-1 2.73933E-1 3.1966E-1 3.10219E-1 4.94905E-1 2.55172E-1 2.90758E-1 2.9455E-1 2.37593E-1 4.2585E-1 2.32104E-1 1.29278E-1 9.32682E-2 7.62114E-2 6.73581E-2 3.46523E-2 4.37494E-2
-9999 -9999 -9999 -9999 -9999 -9999 -9999 -9999 -9999 -9999 -9999 4.81741E-5 -9999 5.99229E-5 6.7777E-5 9.7784E-5 2.66138E-4 4.69711E-4 4.47908E-4 3.56542E-4 2.6369E-4 2.86849E-4 3.16734E-4 3.84256E-4 4.98739E-4 5.21742E-4 4.9158E-4 4.8829E-4 4.77277E-4 4.0497E-4 3.36323E-4 3.25589E-4 3.20014E-4 3.24593E-4 3.09089E-4 2.61924E-4 3.20702E-4 1.87414E-3 2.5211E-3 2.06808E-3 5.63562E-3 4.74621E-3 1.27535E-2 1.3379E-2 2.54244E-2 2.77452E-2 3.19909E-2 5.76591E-2 1.23713E-1 1.74903E-1 2.36982E-1 2.28541E-1 2.72427E-1 2.54372E-1 2.0371E-1 3.81613E-1 3.0591E-1 2.78127E-1 3.44922E-1 3.3288E-1 2.5663E-1 2.46341E-1 1.65211E-1 1.01979E-1 7.92887E-2 7.40911E-2 5.67824E-2 3.21793E-2 3.47668E-2
-9999 -9999 -9999 -9999 -9999 -9999 -9999 -9999 -9999 -9999 -9999 4.63737E-5 5.11379E-5 5.56916E-5 7.83769E-5 1.22786E-4 2.66356E-4 3.98605E-4 4.11341E-4 3.27772E-4 3.42884E-4 4.12015E-4 5.25872E-4 5.78232E-4 8.51994E-4 9.49357E-4 9.63424E-4 6.3747E-4 6.55999E-4 5.47343E-4 5.72959E-4 5.24262E-4 5.15355E-4 4.86E-4 4.78965E-4 4.53797E-4 4.72246E-4 6.75656E-4 6.78079E-4 9.11631E-4 1.50332E-3 2.38999E-3 2.81749E-3 3.59931E-3 9.47846E-3 1.11858E-2 2.52825E-2 5.38474E-2 1.33461E-1 1.38125E-1 1.39952E-1 2.59421E-1 2.14681E-1 2.84048E-1 2.2754E-1 3.58129E-1 2.97591E-1 2.60272E-1 3.35691E-1 2.89763E-1 1.88154E-1 1.31082E-1 1.21036E-1 1.13365E-1 9.24293E-2 7.91722E-2 6.72685E-2 4.45202E-2 1.98534E-2
-9999 -9999 -9999 -9999 -9999 -9999 -9999 -9999 -9999 -9999 -9999 4.29897E-5 4.75726E-5 5.87439E-5 8.45053E-5 2.50565E-4 5.92054E-4 4.30717E-4 3.76896E-4 3.49387E-4 5.1567E-4 5.44843E-4 8.86497E-4 9.27378E-4 1.42267E-3 1.63145E-3 1.70676E-3 1.36656E-3 1.018E-3 1.01275E-3 8.9013E-4 8.33649E-4 7.70002E-4 7.04989E-4 7.11428E-4 7.48519E-4 7.96139E-4 7.20199E-4 7.3799E-4 2.55095E-3 1.20991E-2 1.21291E-2 7.10174E-3 6.27557E-3 5.94992E-3 1.4217E-2 2.53952E-2 7.48388E-2 1.37736E-1 1.48148E-1 1.78902E-1 1.69083E-1 2.7426E-1 2.78878E-1 2.4391E-1 2.33238E-1 2.80683E-1 1.98548E-1 3.51533E-1 2.86754E-1 2.1474E-1 1.40996E-1 1.20907E-1 9.50072E-2 8.03311E-2 8.78431E-2 6.34907E-2 3.00474E-2 1.63483E-2
-9999 -9999 -9999 -9999 -9999 -9999 -9999 -9999 -9999 -9999 -9999 3.71418E-5 5.10835E-5 7.39664E-5 1.06487E-4 3.81756E-4 5.35582E-4 3.99857E-4 3.63215E-4 4.94729E-4 6.04436E-4 9.6743E-4 1.19199E-3 1.63745E-3 2.11101E-3 2.91983E-3 2.98132E-3 2.52759E-3 1.58582E-3 1.26024E-3 1.10268E-3 1.11578E-3 1.01396E-3 8.9829E-4 9.97465E-4 1.09877E-3 1.08238E-3 1.01119E-3 1.1308E-3 1.05903E-2 2.27645E-2 1.1013E-2 1.31417E-2 8.29293E-3 1.2895E-2 1.32815E-2 2.22646E-2 3.8191E-2 8.74571E-2 9.41174E-2 1.86742E-1 1.60908E-1 2.81529E-1 3.40712E-1 3.46145E-1 2.26745E-1 5.0366E-1 2.92539E-1 3.07603E-1 4.91915E-1 2.34263E-1 1.65827E-1 1.24076E-1 1.04215E-1 7.7596E-2 1.00916E-1 4.57989E-2 3.32998E-2 6.64736E-2
-9999 -9999 -9999 -9999 -9999 -9999 -9999 -9999 -9999 -9999 -9999 3.54461E-5 5.189E-5 7.62881E-5 8.79193E-5 3.3138E-4 6.62896E-4 5.53702E-4 6.17847E-4 8.35453E-4 9.69176E-4 1.25114E-3 1.70232E-3 2.72608E-3 3.58271E-3 4.9869E-3 5.37208E-3 3.86067E-3 3.82343E-3 2.82314E-3 1.88263E-3 1.61641E-3 1.34977E-3 1.30964E-3 1.39515E-3 1.44476E-3 1.77095E-3 1.63034E-3 1.13459E-2 2.71629E-2 2.40372E-2 2.16637E-2 2.16904E-2 1.80154E-2 1.22239E-2 2.79594E-2 8.97572E-2 3.45601E-2 8.92171E-2 6.45949E-2 1.60038E-1 2.83981E-1 3.24607E-1 3.9011E-1 3.79621E-1 2.42336E-1 2.63911E-1 2.22007E-1 4.49966E-1 5.38271E-1 2.5158E-1 2.16936E-1 1.71086E-1 1.55987E-1 1.34336E-1 1.08118E-1 4.97986E-2 8.01976E-2 5.25033E-2
-9999 -9999 -9999 -9999 -9999 -9999 -9999 -9999 -9999 -9999 2.78946E-5 4.00967E-5 5.97714E-5 1.147E-4 1.36595E-4 2.39442E-4 3.99999E-4 4.97048E-4 9.8501E-4 8.41772E-4 1.14165E-3 1.44414E-3 2.79522E-3 4.38855E-3 5.74528E-3 7.61546E-3 9.71491E-3 7.1035E-3 6.24198E-3 4.89458E-3 3.57404E-3 2.60968E-3 1.95851E-3 1.7124E-3 1.99869E-3 2.28555E-3 3.21186E-3 8.01349E-3 1.678E-2 3.33185E-2 2.73297E-2 2.70692E-2 2.40248E-2 1.69494E-2 2.83027E-2 6.63928E-2 1.20926E-1 1.00058E-1 1.59394E-1 1.09202E-1 2.1969E-1 4.57967E-1 3.0963E-1 3.74717E-1 3.2726E-1 3.2057E-1 3.21835E-1 2.98642E-1 3.86233E-1 3.49586E-1 2.11124E-1 1.77397E-1 1.64447E-1 1.52378E-1 1.32652E-1 1.05198E-1 1.08878E-1 1.25431E-1 6.73574E-2
-9999 -9999 -9999 -9999 -9999 -9999 -9999 -9999 -9999 -9999 2.81335E-5 6.10532E-5 1.90515E-4 1.05124E-4 1.42749E-4 1.85081E-4 3.89529E-4 5.86666E-4 7.93076E-4 1.08693E-3 1.71954E-3 2.55963E-3 5.18773E-3 8.56779E-3 8.99342E-3 1.14691E-2 1.51391E-2 1.25714E-2 9.78084E-3 6.76056E-3 5.16463E-3 3.95687E-3 2.96711E-3 2.60046E-3 2.8082E-3 3.19506E-3 5.85645E-3 3.21548E-2 8.30086E-2 5.07397E-2 2.82392E-2 2.57714E-2 2.7928E-2 2.50714E-2 3.88811E-2 8.91335E-2 1.37076E-1 1.89752E-1 2.30612E-1 1.96991E-1 2.0653E-1 2.61925E-1 3.8839E-1 3.57634E-1 5.32927E-1 5.13941E-1 2.91355E-1 4.18286E-1 4.02871E-1 2.86699E-1 3.7891E-1 1.12905E-1 2.17059E-1 8.05729E-2 1.03644E-1 1.0482E-1 1.15821E-1 8.31352E-2 6.80183E-2
-9999 -9999 -9999 -9999 -9999 -9999 -9999 -9999 -9999 2.494E-5 3.71198E-5 6.46416E-5 5.7813E-5 6.16012E-5 1.12873E-4 2.87416E-4 5.34499E-4 7.12577E-4 9.7143E-4 1.37879E-3 2.05846E-3 3.52013E-3 7.92263E-3 1.64224E-2 1.73917E-2 1.36682E-2 1.75066E-2 1.4657E-2 1.22266E-2 9.05027E-3 6.89372E-3 5.1281E-3 4.12686E-3 3.44048E-3 3.46136E-3 3.86823E-3 6.56113E-3 2.15939E-2 1.07552E-1 4.43063E-2 3.91549E-2 3.29133E-2 4.20333E-2 7.30473E-2 7.2875E-2 1.4692E-1 1.34476E-1 2.46866E-1 3.85518E-1 2.12989E-1 2.05477E-1 2.99235E-1 2.98786E-1 3.18438E-1 5.98938E-1 4.90107E-1 3.81871E-1 4.92761E-1 4.92287E-1 2.29453E-1 1.80039E-1 2.31633E-1 1.73203E-1 1.98162E-1 7.34835E-2 1.10018E-1 1.37163E-1 1.29311E-1 1.13188E-1
-9999 -9999 -9999 -9999 -9999 -9999 -9999 -9999 1.7813E-5 3.82249E-5 3.0597E-5 4.75797E-5 8.61513E-5 1.39379E-4 2.33983E-4 3.67232E-4 4.67731E-4 6.93245E-4 1.07573E-3 1.62716E-3 2.83893E-3 4.72931E-3 1.06007E-2 1.94094E-2 2.17651E-2 1.77477E-2 1.81932E-2 1.69036E-2 1.3463E-2 1.09856E-2 8.784E-3 6.8252E-3 5.2659E-3 4.42853E-3 4.51851E-3 4.69538E-3 6.91935E-3 2.37001E-2 8.36115E-2 4.84526E-2 3.90204E-2 4.13083E-2 4.09072E-2 6.30966E-2 8.88045E-2 1.74841E-1 2.0185E-1 1.75507E-1 2.56778E-1 2.16386E-1 2.15075E-1 2.58762E-1 2.93619E-1 3.36342E-1 4.94028E-1 5.61936E-1 5.41132E-1 4.66353E-1 2.75552E-1 2.95754E-1 2.11353E-1 1.74123E-1 1.58982E-1 1.44162E-1 1.04537E-1 1.02758E-1 1.48595E-1 1.89005E-1 2.31022E-1
-9999 -9999 -9999 -9999 -9999 -9999 -9999 1.88506E-5 3.26071E-5 8.13971E-5 3.93365E-5 5.75555E-5 1.28242E-4 1.53886E-4 2.71115E-4 3.04022E-4 3.60371E-4 6.47191E-4 1.11629E-3 1.91735E-3 2.97502E-3 5.19705E-3 1.0281E-2 1.56878E-2 1.94529E-2 1.69291E-2 1.74046E-2 1.83247E-2 1.59267E-2 1.34475E-2 1.04215E-2 8.10208E-3 6.5601E-3 5.84872E-3 5.68473E-3 5.1596E-3 6.60097E-3 8.41569E-3 3.91824E-2 5.87745E-2 4.39571E-2 4.48679E-2 4.64849E-2 8.35655E-2 1.03507E-1 2.19231E-1 1.86452E-1 2.54826E-1 2.79922E-1 1.88197E-1 1.98514E-1 2.7473E-1 2.43177E-1 3.9715E-1 4.77864E-1 5.70986E-1 5.03977E-1 2.73616E-1 3.26729E-1 2.23383E-1 1.4816E-1 1.5631E-1 1.61152E-1 1.49046E-1 1.14191E-1 9.54325E-2 1.3607E-1 1.87288E-1 2.27805E-1
-9999 -9999 -9999 -9999 -9999 -9999 1.35811E-5 2.53476E-5 5.85759E-5 5.05332E-5 4.59175E-5 9.73797E-5 1.44169E-4 1.47316E-4 2.08245E-4 2.87991E-4 4.2628E-4 7.95054E-4 1.16195E-3 1.83354E-3 3.08721E-3 4.8094E-3 9.00916E-3 1.38697E-2 1.66015E-2 1.54996E-2 1.61156E-2 1.65147E-2 1.62976E-2 1.63966E-2 1.45528E-2 1.07062E-2 8.06378E-3 7.12341E-3 7.99829E-3 8.53305E-3 8.46778E-3 1.22606E-2 4.33603E-2 6.13075E-2 5.43687E-2 5.50248E-2 5.97911E-2 1.10587E-1 9.83904E-2 2.03476E-1 4.21602E-1 1.9537E-1 3.33447E-1 2.48284E-1 1.92269E-1 2.36937E-1 2.4421E-1 2.56732E-1 5.09358E-1 5.02869E-1 2.90907E-1 3.19798E-1 2.88377E-1 2.20483E-1 1.74942E-1 1.66841E-1 1.66901E-1 1.95938E-1 1.27818E-1 9.50657E-2 1.21198E-1 1.48707E-1 1.53978E-1
-9999 -9999 -9999 -9999 1.01992E-5 1.03868E-5 1.66611E-5 2.2647E-5 3.80777E-5 7.51299E-5 7.83032E-5 2.00135E-4 1.49753E-4 1.48397E-4 2.51113E-4 3.25659E-4 5.08006E-4 7.7174E-4 1.31273E-3 1.8979E-3 3.36456E-3 4.85169E-3 7.67208E-3 1.15095E-2 1.34E-2 1.35944E-2 1.51198E-2 1.49505E-2 1.95438E-2 1.95042E-2 1.93215E-2 1.3492E-2 9.76891E-3 1.03193E-2 1.22443E-2 1.37511E-2 1.16611E-2 1.21857E-2 2.37513E-2 6.22902E-2 7.10826E-2 9.23148E-2 9.39024E-2 1.14245E-1 1.73943E-1 2.87772E-1 3.55135E-1 1.72159E-1 3.30834E-1 2.7654E-1 1.63546E-1 2.69098E-1 3.17018E-1 3.72468E-1 4.92827E-1 3.19604E-1 2.65278E-1 3.0061E-1 2.9835E-1 2.89995E-1 2.01516E-1 1.91673E-1 1.9192E-1 2.19103E-1 1.30449E-1 1.25799E-1 1.12829E-1 1.27262E-1 1.77749E-1
-9999 -9999 -9999 1.09233E-5 1.24173E-5 1.40927E-5 2.29364E-5 6.04632E-5 5.86921E-5 6.50232E-5 1.29847E-4 1.23023E-4 1.21912E-4 1.6857E-4 2.03905E-4 3.08385E-4 6.20369E-4 8.28563E-4 1.31771E-3 2.11039E-3 3.08491E-3 4.21032E-3 6.8598E-3 9.57973E-3 1.12478E-2 1.23693E-2 1.16306E-2 1.50974E-2 2.11666E-2 2.57684E-2 2.56574E-2 1.59071E-2 1.04418E-2 1.32185E-2 1.89389E-2 2.06887E-2 2.42126E-2 2.65809E-2 2.85248E-2 6.11455E-2 8.4656E-2 8.69936E-2 1.13697E-1 1.68812E-1 1.88099E-1 1.76494E-1 1.86251E-1 2.34577E-1 3.80706E-1 3.19953E-1 3.0069E-1 3.21046E-1 3.34002E-1 4.10843E-1 5.54118E-1 2.88191E-1 2.39379E-1 3.24326E-1 3.52077E-1 3.66361E-1 3.20578E-1 1.73185E-1 1.28675E-1 1.30102E-1 1.44823E-1 1.55827E-1 1.59003E-1 1.79119E-1 2.09465E-1
-9999 -9999 -9999 1.41066E-5 1.58087E-5 2.23246E-5 3.86493E-5 4.36427E-5 3.94397E-5 5.65926E-5 8.912E-5 9.02691E-5 1.10348E-4 1.96365E-4 2.18268E-4 2.8565E-4 4.86227E-4 8.92723E-4 1.38868E-3 2.05152E-3 2.77432E-3 4.13977E-3 5.77705E-3 7.4951E-3 1.0213E-2 1.08703E-2 1.05461E-2 1.46844E-2 2.08892E-2 2.74337E-2 2.75249E-2 1.81376E-2 1.3803E-2 1.68202E-2 2.36866E-2 2.53885E-2 4.98173E-2 4.10014E-2 5.4747E-2 5.89603E-2 8.34138E-2 9.77827E-2 1.07926E-1 1.5448E-1 2.17491E-1 1.78906E-1 2.64158E-1 2.56169E-1 4.26044E-1 4.06338E-1 3.97353E-1 3.25103E-1 1.43889E-1 4.47334E-1 4.85285E-1 2.97683E-1 2.40968E-1 1.98696E-1 1.87743E-1 1.98825E-1 2.0747E-1 1.07109E-1 1.40895E-1 1.34668E-1 1.58361E-1 1.88234E-1 2.11638E-1 2.45682E-1 2.75555E-1
-9999 -9999 1.50932E-5 1.99591E-5 2.29992E-5 5.50842E-5 5.28878E-5 3.08745E-5 4.89862E-5 6.81443E-5 5.834E-5 9.11863E-5 1.26669E-4 1.58004E-4 1.96985E-4 2.82113E-4 4.29822E-4 1.15944E-3 1.65976E-3 2.15291E-3 2.60441E-3 3.33764E-3 4.65753E-3 6.44013E-3 8.33127E-3 9.71726E-3 9.68178E-3 1.42434E-2 1.91078E-2 2.3973E-2 2.55075E-2 2.14756E-2 1.71992E-2 2.29118E-2 2.86629E-2 2.76484E-2 2.57203E-2 3.65386E-2 4.17897E-2 5.06115E-2 4.75254E-2 7.4681E-2 1.24965E-1 1.69289E-1 1.61558E-1 1.99492E-1 2.65348E-1 2.72673E-1 2.24225E-1 2.12221E-1 4.09656E-1 3.64122E-1 1.87739E-1 5.3158E-1 3.71863E-1 2.66999E-1 2.39172E-1 2.71388E-1 1.95668E-1 1.50538E-1 1.85774E-1 2.39053E-1 1.99823E-1 1.6504E-1 1.95522E-1 2.17394E-1 2.52528E-1 3.04629E-1 3.45488E-1
-9999 1.27568E-5 1.53029E-5 2.18733E-5 2.70473E-5 5.13907E-5 4.84644E-5 3.5803E-5 4.15327E-5 4.89922E-5 5.61819E-5 8.19028E-5 1.2534E-4 1.85407E-4 2.60208E-4 3.87932E-4 6.58246E-4 8.64409E-4 1.97414E-3 2.3719E-3 2.69959E-3 3.04944E-3 4.28658E-3 5.78194E-3 6.67228E-3 7.84747E-3 9.1733E-3 1.25179E-2 1.8662E-2 2.06318E-2 2.06421E-2 2.30042E-2 2.16237E-2 2.72056E-2 7.37201E-2 3.22923E-2 3.83989E-2 3.90101E-2 3.41907E-2 4.6794E-2 4.73E-2 7.31612E-2 1.02641E-1 1.67403E-1 1.30824E-1 2.94479E-1 1.91798E-1 2.76306E-1 2.11187E-1 2.14142E-1 4.28966E-1 3.29517E-1 4.30416E-1 4.47731E-1 2.85278E-1 2.58904E-1 3.38891E-1 3.84097E-1 2.5073E-1 1.71571E-1 1.83961E-1 2.65397E-1 1.69568E-1 1.86965E-1 2.27671E-1 2.35447E-1 2.89475E-1 3.4592E-1 3.51319E-1
1.76878E-5 1.30539E-5 1.48315E-5 3.16697E-5 3.35043E-5 4.17939E-5 7.7079E-5 6.69954E-5 3.86652E-5 3.41553E-5 5.25908E-5 8.06695E-5 1.34522E-4 1.714E-4 2.1755E-4 5.24462E-4 1.15649E-3 1.23592E-3 1.3436E-3 2.11507E-3 2.60823E-3 3.27928E-3 4.1919E-3 4.8983E-3 6.44531E-3 7.20427E-3 8.3072E-3 1.13512E-2 1.56005E-2 1.81245E-2 2.21086E-2 2.61248E-2 3.46659E-2 7.12081E-2 7.07085E-2 6.75993E-2 5.63536E-2 5.07712E-2 4.1551E-2 5.2475E-2 4.14875E-2 9.15094E-2 1.27823E-1 1.85393E-1 2.16061E-1 1.73344E-1 1.74621E-1 2.38471E-1 2.53886E-1 2.42957E-1 2.17115E-1 1.44031E-1 5.21536E-1 3.8593E-1 2.76648E-1 2.90529E-1 3.71551E-1 3.20809E-1 2.39669E-1 1.89805E-1 2.349E-1 3.16514E-1 2.02035E-1 2.18368E-1 2.46572E-1 2.81127E-1 3.24306E-1 3.4367E-1 4.08098E-1
-9999 1.32988E-5 1.69319E-5 3.31961E-5 4.89336E-5 4.43862E-5 9.7689E-5 9.37651E-5 5.85754E-5 4.70272E-5 5.393E-5 7.8378E-5 1.18763E-4 2.27137E-4 4.80336E-4 6.18748E-4 7.1106E-4 1.22089E-3 1.54362E-3 1.65494E-3 2.29128E-3 3.01953E-3 3.82197E-3 4.87832E-3 5.94089E-3 7.09419E-3 7.88149E-3 1.00473E-2 1.3743E-2 1.78186E-2 2.76171E-2 4.24233E-2 8.71315E-2 1.16717E-1 1.21299E-1 9.8494E-2 7.3028E-2 5.98077E-2 4.96469E-2 4.71972E-2 6.7325E-2 6.94189E-2 1.0627E-1 1.73676E-1 2.39199E-1 1.88387E-1 2.24024E-1 1.64468E-1 1.8046E-1 1.64507E-1 1.49184E-1 2.14819E-1 5.0385E-1 5.13247E-1 3.70271E-1 3.01402E-1 2.9965E-1 2.52119E-1 2.52809E-1 1.08494E-1 1.40903E-1 1.83601E-1 2.07205E-1 2.26038E-1 2.59134E-1 3.27056E-1 3.36963E-1 3.41852E-1 4.57896E-1
-9999 1.27791E-5 1.61495E-5 2.23546E-5 4.14472E-5 4.50045E-5 6.69042E-5 8.3962E-5 7.59988E-5 9.49762E-5 7.78165E-5 9.44479E-5 1.70906E-4 3.92653E-4 5.23608E-4 6.69533E-4 1.10437E-3 1.36983E-3 1.35173E-3 1.62205E-3 2.3263E-3 2.92841E-3 4.06835E-3 5.03575E-3 6.01564E-3 6.66209E-3 7.77811E-3 1.09788E-2 3.43471E-2 1.73626E-2 3.13368E-2 3.27564E-2 6.55045E-2 1.17378E-1 1.23184E-1 8.83E-2 1.04477E-1 9.72672E-2 9.2425E-2 6.19282E-2 7.49317E-2 8.51647E-2 1.20093E-1 1.65492E-1 2.19937E-1 2.08796E-1 1.70024E-1 1.82443E-1 3.25381E-1 1.95914E-1 2.00778E-1 4.30205E-1 4.93846E-1 5.53586E-1 4.18266E-1 6.03339E-1 6.33793E-1 2.02437E-1 1.64412E-1 1.95691E-1 2.26056E-1 1.90177E-1 2.24858E-1 2.43893E-1 3.13104E-1 3.49538E-1 3.36209E-1 4.40562E-1 4.82355E-1
-9999 1.12025E-5 1.61195E-5 1.5581E-5 1.88782E-5 2.35649E-5 4.33334E-5 5.41908E-5 9.56285E-5 7.09537E-5 5.99648E-5 1.51773E-4 3.28203E-4 6.3608E-4 5.782E-4 8.27877E-4 1.08491E-3 1.2694E-3 1.62406E-3 2.02416E-3 2.66572E-3 3.11364E-3 3.94625E-3 4.79494E-3 6.12313E-3 7.102E-3 1.75457E-2 2.44991E-2 1.41557E-2 2.58471E-2 3.3399E-2 5.34379E-2 8.08258E-2 7.9335E-2 1.24867E-1 1.21652E-1 9.3321E-2 8.88238E-2 9.38969E-2 6.79701E-2 7.94819E-2 1.17671E-1 1.5103E-1 1.41225E-1 3.43696E-1 2.19612E-1 2.04346E-1 2.13879E-1 2.07829E-1 2.00106E-1 5.03601E-1 5.43523E-1 4.75032E-1 5.04355E-1 4.53987E-1 4.18831E-1 3.9831E-1 2.35342E-1 2.17432E-1 1.88672E-1 2.72348E-1 2.54911E-1 2.51095E-1 2.79059E-1 3.37282E-1 3.29506E-1 3.54264E-1 4.81198E-1 4.57827E-1
-9999 -9999 1.54268E-5 2.82476E-5 2.04599E-5 2.13037E-5 3.13461E-5 4.84288E-5 5.67888E-5 5.39559E-5 8.03732E-5 1.35509E-4 2.8919E-4 7.2704E-4 5.06067E-4 7.4883E-4 1.00461E-3 1.37776E-3 1.53249E-3 2.11718E-3 2.50661E-3 3.17414E-3 7.01737E-3 4.99055E-3 9.66467E-3 1.28326E-2 1.88338E-2 2.56291E-2 1.97924E-2 3.32848E-2 3.77057E-2 3.76464E-2 5.22522E-2 9.46962E-2 1.00381E-1 1.10134E-1 6.41303E-2 8.91722E-2 7.24041E-2 1.24573E-1 6.29904E-2 8.85874E-2 1.37713E-1 2.52173E-1 1.88705E-1 2.30783E-1 2.2138E-1 3.56448E-1 4.16858E-1 2.78242E-1 5.42066E-1 4.39913E-1 3.48861E-1 3.28624E-1 3.02653E-1 3.41128E-1 2.68096E-1 2.04557E-1 1.84419E-1 1.94764E-1 2.43079E-1 2.85294E-1 2.69554E-1 2.97488E-1 3.27241E-1 3.8335E-1 4.31874E-1 4.60212E-1 4.55788E-1
-9999 -9999 1.12587E-5 2.21537E-5 2.38808E-5 3.60629E-5 4.37714E-5 4.06078E-5 5.07298E-5 5.93958E-5 8.62513E-5 1.50882E-4 2.82732E-4 3.73549E-4 6.99179E-4 8.29822E-4 1.12699E-3 1.44492E-3 1.80179E-3 2.20668E-3 2.51602E-3 3.15319E-3 4.40056E-3 8.28477E-3 9.76029E-3 1.44275E-2 2.09802E-2 2.93575E-2 6.49735E-2 3.95131E-2 9.78228E-2 8.7186E-2 4.85362E-2 1.25183E-1 7.17209E-2 5.25365E-2 6.10755E-2 7.96299E-2 6.42465E-2 1.38711E-1 1.19686E-1 1.44623E-1 1.55189E-1 2.26273E-1 2.26975E-1 2.32255E-1 1.89195E-1 5.10023E-1 5.36258E-1 4.87153E-1 5.24719E-1 3.98305E-1 3.25733E-1 3.46806E-1 3.39029E-1 2.93561E-1 2.43357E-1 1.88223E-1 1.871E-1 2.21487E-1 3.16102E-1 2.74269E-1 2.85527E-1 3.18401E-1 3.60112E-1 4.10162E-1 4.02119E-1 4.27827E-1 5.00141E-1
-9999 1.34569E-5 -9999 -9999 1.34538E-5 1.81548E-5 2.97951E-5 3.31919E-5 4.43763E-5 5.80589E-5 8.33285E-5 1.91932E-4 2.38175E-4 3.26884E-4 5.96001E-4 7.57861E-4 1.6771E-3 1.25227E-3 1.73945E-3 2.19739E-3 2.41447E-3 3.28287E-3 3.8499E-3 8.22722E-3 1.17497E-2 1.53655E-2 2.06637E-2 3.23478E-2 6.38853E-2 1.06772E-1 1.17331E-1 4.32108E-2 3.88158E-2 1.01784E-1 9.71531E-2 4.48458E-2 6.19923E-2 7.28251E-2 7.58241E-2 1.02395E-1 1.52289E-1 1.62976E-1 5.1765E-1 3.57603E-1 1.80983E-1 1.8588E-1 2.39889E-1 2.49348E-1 4.99843E-1 6.27981E-1 4.77069E-1 3.87727E-1 3.30554E-1 3.62046E-1 3.4209E-1 2.68287E-1 2.05474E-1 1.56088E-1 1.92219E-1 2.29501E-1 3.27593E-1 2.82354E-1 2.97933E-1 3.12021E-1 3.39495E-1 3.53654E-1 3.57751E-1 4.26554E-1 4.79043E-1
2.20319E-5 1.7023E-5 1.98549E-5 1.26958E-5 1.53824E-5 1.51196E-5 2.25168E-5 2.67362E-5 3.78249E-5 6.1455E-5 9.21056E-5 1.35685E-4 2.35971E-4 3.85552E-4 9.39662E-4 9.03086E-4 9.92553E-4 2.11255E-3 1.59574E-3 2.00711E-3 2.41995E-3 3.49754E-3 7.40766E-3 8.30097E-3 1.2991E-2 1.4589E-2 2.50429E-2 4.4523E-2 8.27172E-2 1.27815E-1 1.28141E-1 4.32609E-2 3.32812E-2 4.88522E-2 7.61823E-2 8.88428E-2 4.37288E-2 1.25115E-1 1.25207E-1 1.14461E-1 2.17985E-1 2.38819E-1 3.52637E-1 2.30872E-1 1.84794E-1 3.12944E-1 3.24423E-1 2.62E-1 5.55381E-1 6.87947E-1 4.05534E-1 3.35957E-1 2.72998E-1 3.06247E-1 3.47638E-1 2.49074E-1 2.02817E-1 1.69335E-1 2.05517E-1 2.34185E-1 3.05138E-1 2.52768E-1 2.73115E-1 3.20485E-1 2.94973E-1 3.17553E-1 2.8966E-1 3.79601E-1 3.97575E-1
1.94936E-5 1.84732E-5 3.85502E-5 1.84028E-5 1.62089E-5 1.98265E-5 1.92075E-5 2.69719E-5 4.81312E-5 8.29344E-5 1.46602E-4 2.15327E-4 2.25856E-4 5.87317E-4 7.58028E-4 1.65424E-3 2.03484E-3 1.34494E-3 1.7509E-3 2.03379E-3 2.47431E-3 3.54563E-3 7.48219E-3 9.79344E-3 1.47544E-2 1.80566E-2 3.24057E-2 5.01236E-2 9.74494E-2 1.43277E-1 1.45913E-1 5.21891E-2 3.76588E-2 4.41492E-2 8.0347E-2 6.06214E-2 5.61156E-2 1.74335E-1 1.34859E-1 1.95444E-1 2.87103E-1 2.7013E-1 2.17537E-1 3.23213E-1 4.36205E-1 5.20417E-1 4.6044E-1 3.11951E-1 5.04794E-1 6.217E-1 3.52439E-1 3.08032E-1 2.71096E-1 2.85888E-1 2.74754E-1 2.45316E-1 2.03003E-1 1.6812E-1 2.05806E-1 2.03984E-1 2.31975E-1 2.44205E-1 2.60477E-1 2.98868E-1 2.42975E-1 2.53855E-1 2.47023E-1 2.20738E-1 2.74291E-1
2.3469E-5 2.34057E-5 5.53291E-5 2.14877E-5 1.90601E-5 1.74674E-5 2.06638E-5 2.76162E-5 4.58316E-5 1.02906E-4 1.85776E-4 3.99823E-4 6.08924E-4 1.03735E-3 1.38763E-3 1.7887E-3 2.24102E-3 2.68933E-3 1.74617E-3 1.9736E-3 2.44132E-3 3.25941E-3 8.07324E-3 1.09246E-2 1.59378E-2 1.81646E-2 3.08781E-2 5.85453E-2 1.28448E-1 1.84731E-1 1.70124E-1 5.16422E-2 6.41398E-2 8.38114E-2 7.09154E-2 7.92592E-2 3.85514E-2 1.5334E-1 1.5423E-1 2.34013E-1 2.84369E-1 2.7931E-1 4.18134E-1 4.99583E-1 5.73368E-1 6.52494E-1 6.0315E-1 4.17324E-1 3.18447E-1 3.76488E-1 3.5333E-1 3.53441E-1 3.71607E-1 2.56384E-1 2.60744E-1 1.95684E-1 2.07725E-1 1.71093E-1 1.58457E-1 1.52638E-1 1.69558E-1 2.14823E-1 2.85724E-1 2.8545E-1 1.83401E-1 1.7893E-1 1.82911E-1 1.87895E-1 1.90529E-1
2.67479E-5 2.81098E-5 5.0288E-5 2.54396E-5 2.02202E-5 1.99346E-5 2.31266E-5 3.29217E-5 5.01649E-5 1.00894E-4 1.76726E-4 4.04686E-4 7.97847E-4 1.52145E-3 1.45646E-3 1.49555E-3 2.07197E-3 2.58687E-3 1.55756E-3 1.79053E-3 2.40041E-3 5.50582E-3 7.93839E-3 1.15692E-2 1.55024E-2 1.95907E-2 2.92194E-2 5.9038E-2 1.3015E-1 1.94638E-1 2.46009E-1 4.33001E-2 5.04645E-2 9.7182E-2 2.94893E-2 3.16139E-2 5.26008E-2 1.97842E-1 2.04856E-1 2.72663E-1 3.77231E-1 2.23109E-1 4.95208E-1 5.96814E-1 6.89172E-1 7.58236E-1 6.79913E-1 5.65241E-1 3.48999E-1 2.74055E-1 3.24656E-1 3.33144E-1 2.7922E-1 2.49504E-1 2.15855E-1 1.55378E-1 2.18062E-1 2.09668E-1 2.01261E-1 1.48719E-1 1.88335E-1 2.0959E-1 2.86227E-1 2.85158E-1 1.32098E-1 1.22246E-1 1.35036E-1 1.46801E-1 1.56125E-1
2.59558E-5 1.92839E-5 2.03861E-5 1.90309E-5 2.10645E-5 2.09189E-5 2.55402E-5 3.71192E-5 7.17499E-5 1.43046E-4 2.93568E-4 4.10592E-4 6.92112E-4 9.67779E-4 1.54391E-3 1.96452E-3 1.97092E-3 2.06099E-3 1.20948E-3 1.5728E-3 4.21891E-3 5.62111E-3 8.23047E-3 1.19645E-2 1.38465E-2 1.899E-2 2.66012E-2 5.11173E-2 1.04019E-1 2.23978E-1 2.28507E-1 5.49983E-2 4.35803E-2 7.97871E-2 4.40835E-2 2.98765E-2 1.21131E-1 2.30454E-1 2.77881E-1 3.09946E-1 2.86653E-1 2.30298E-1 4.41464E-1 6.46132E-1 7.15825E-1 7.80085E-1 7.43054E-1 5.10333E-1 3.39664E-1 3.14492E-1 3.55219E-1 2.75539E-1 2.28522E-1 2.28759E-1 2.41301E-1 2.04562E-1 1.34501E-1 1.60751E-1 1.38895E-1 1.50712E-1 2.12519E-1 2.19137E-1 3.07151E-1 2.2038E-1 1.0185E-1 1.08993E-1 1.04029E-1 1.24021E-1 1.8425E-1
2.80891E-5 1.45027E-5 1.33621E-5 1.88083E-5 3.17601E-5 2.93304E-5 3.6862E-5 5.52312E-5 1.10891E-4 1.63641E-4 2.1578E-4 4.60137E-4 1.1343E-3 1.20738E-3 1.84113E-3 2.02752E-3 2.15564E-3 2.23784E-3 1.27257E-3 1.62922E-3 4.32454E-3 6.28169E-3 8.18724E-3 1.06795E-2 1.3083E-2 1.56623E-2 2.28515E-2 4.04492E-2 9.07642E-2 2.28114E-1 2.95639E-1 7.57749E-2 5.30344E-2 1.18345E-1 2.08558E-1 4.1048E-2 7.50406E-2 2.81017E-1 3.64323E-1 4.13686E-1 3.59673E-1 3.39707E-1 4.33207E-1 6.96226E-1 7.52069E-1 8.03762E-1 8.11803E-1 3.6327E-1 2.98745E-1 3.18864E-1 3.24472E-1 2.61241E-1 1.62478E-1 1.37493E-1 1.70082E-1 2.92562E-1 3.23446E-1 2.62275E-1 1.61865E-1 1.85109E-1 1.82256E-1 2.82602E-1 2.09074E-1 1.18365E-1 5.96668E-2 9.72811E-2 1.02571E-1 1.42551E-1 1.68041E-1
